0.21734 0.598662 8
NETGEAR19 2c-30-33-e9-46-d5-00-00 -72 2437000 56 1 7 4
RRL-TB-wifi2 74-da-da-ad-be-f9-00-00 -78 2427000 44 1 7 4
eduroam 00-81-c4-14-09-ce-00-00 -79 5805000 42 1 6 4
umd 00-81-c4-14-09-cf-00-00 -79 5805000 42 0 1 0
umd-guest 00-81-c4-14-09-cb-00-00 -79 5805000 42 0 1 0
umd-secure 00-f6-63-ec-ae-02-00-00 -50 2437000 100 1 6 4
umd-util2 00-81-c4-14-09-cc-00-00 -80 5805000 40 1 7 4
xraytest 00-2c-c8-d6-29-0f-00-00 -71 5200000 58 1 7 4
0.219098 0.632107 9
 10-bd-18-ab-f4-72-00-00 -87 2437000 26 1 7 4
NETGEAR04 8c-3b-ad-eb-59-d7-00-00 -76 2457000 48 1 7 4
RRL-TB-wifi2 74-da-da-ad-be-f9-00-00 -76 2427000 48 1 7 4
eduroam 00-81-c4-14-09-ce-00-00 -73 5805000 54 1 6 4
umd 00-81-c4-14-09-cf-00-00 -74 5805000 52 0 1 0
umd-guest 00-81-c4-14-09-cb-00-00 -74 5805000 52 0 1 0
umd-secure 00-f6-63-ec-ae-02-00-00 -44 2437000 100 1 6 4
umd-util2 00-81-c4-14-09-cc-00-00 -74 5805000 52 1 7 4
xraytest 00-2c-c8-d6-29-0f-00-00 -59 5200000 82 1 7 4
0.195665 0.629877 8
 10-bd-18-ab-f4-72-00-00 -77 2437000 46 1 7 4
NETGEAR19 2c-30-33-e9-46-d5-00-00 -79 2437000 42 1 7 4
eduroam 00-f6-63-ec-68-1e-00-00 -68 5260000 64 1 6 4
umd 00-f6-63-ec-68-1f-00-00 -67 5260000 66 0 1 0
umd-guest 00-f6-63-ec-68-1b-00-00 -66 5260000 68 0 1 0
umd-secure 00-f6-63-ec-68-1d-00-00 -67 5260000 66 1 6 4
umd-util2 00-f6-63-ec-68-1c-00-00 -67 5260000 66 1 7 4
xraytest 00-2c-c8-d6-29-0f-00-00 -49 5200000 100 1 7 4
0.181019 0.632107 8
NETGEAR19 2c-30-33-e9-46-d5-00-00 -80 2437000 40 1 7 4
RRL-TB-wifi2 74-da-da-ad-be-f9-00-00 -86 2427000 28 1 7 4
eduroam 00-81-c4-14-09-ce-00-00 -78 5805000 44 1 6 4
umd 00-81-c4-14-09-cf-00-00 -78 5805000 44 0 1 0
umd-guest 00-81-c4-14-09-cb-00-00 -78 5805000 44 0 1 0
umd-secure 00-f6-63-ec-ae-02-00-00 -49 2437000 100 1 6 4
umd-util2 00-81-c4-14-09-cc-00-00 -77 5805000 46 1 7 4
xraytest 00-2c-c8-d6-29-0f-00-00 -45 5200000 100 1 7 4
0.168717 0.630992 8
 10-bd-18-ab-f4-72-00-00 -64 2437000 72 1 7 4
NETGEAR19 2c-30-33-e9-46-d5-00-00 -82 2437000 36 1 7 4
eduroam 00-f6-63-ec-68-1e-00-00 -55 5260000 90 1 6 4
umd 00-f6-63-ec-68-1f-00-00 -55 5260000 90 0 1 0
umd-guest 00-f6-63-ec-68-1b-00-00 -56 5260000 88 0 1 0
umd-secure 00-f6-63-ec-68-1d-00-00 -56 5260000 88 1 6 4
umd-util2 00-f6-63-ec-68-1c-00-00 -56 5260000 88 1 7 4
xraytest 00-2c-c8-d6-29-0f-00-00 -41 5200000 100 1 7 4
0.167545 0.61427 8
 10-bd-18-ab-f4-72-00-00 -69 2437000 62 1 7 4
NETGEAR19 2c-30-33-e9-46-d5-00-00 -82 2437000 36 1 7 4
eduroam 00-81-c4-14-09-ce-00-00 -84 5805000 32 1 6 4
umd 00-81-c4-14-09-cf-00-00 -83 5805000 34 0 1 0
umd-guest 00-81-c4-14-09-cb-00-00 -82 5805000 36 0 1 0
umd-secure 00-f6-63-ec-ae-02-00-00 -54 2437000 92 1 6 4
umd-util2 00-81-c4-14-09-cc-00-00 -83 5805000 34 1 7 4
xraytest 00-2c-c8-d6-29-0f-00-00 -39 5200000 100 1 7 4
0.165788 0.589744 9
 10-bd-18-ab-f4-72-00-00 -66 2437000 68 1 7 4
DroneLab 8c-3b-ad-aa-55-b7-00-00 -87 2447000 26 1 7 4
NETGEAR19 2c-30-33-e9-46-d5-00-00 -79 2437000 42 1 7 4
eduroam 00-81-c4-14-09-ce-00-00 -85 5805000 30 1 6 4
umd 00-81-c4-14-09-cf-00-00 -86 5805000 28 0 1 0
umd-guest 00-81-c4-14-09-cb-00-00 -86 5805000 28 0 1 0
umd-secure 00-f6-63-ec-ae-02-00-00 -57 2437000 86 1 6 4
umd-util2 00-81-c4-14-09-cc-00-00 -84 5805000 32 1 7 4
xraytest 00-2c-c8-d6-29-0f-00-00 -40 5200000 100 1 7 4
0.165788 0.556299 10
DroneLab 8c-3b-ad-aa-55-b7-00-00 -83 2447000 34 1 7 4
NETGEAR04 8c-3b-ad-eb-59-d7-00-00 -83 2457000 34 1 7 4
NETGEAR19 2c-30-33-e9-46-d5-00-00 -75 2437000 50 1 7 4
RRL-TB-wifi2 74-da-da-ad-be-f9-00-00 -83 2427000 34 1 7 4
eduroam 84-3d-c6-6e-57-5e-00-00 -88 5745000 18 1 6 4
umd 1c-1d-86-34-04-4f-00-00 -80 5765000 40 0 1 0
umd-guest 1c-1d-86-34-04-4b-00-00 -80 5765000 40 0 1 0
umd-secure 00-f6-63-ec-ae-02-00-00 -62 2437000 76 1 6 4
umd-util2 84-3d-c6-6e-57-5c-00-00 -87 5745000 26 1 7 4
xraytest 00-2c-c8-d6-29-0f-00-00 -46 5200000 100 1 7 4
0.16696 0.527313 10
 10-bd-18-ab-f4-72-00-00 -68 2437000 64 1 7 4
DroneLab 8c-3b-ad-aa-55-b7-00-00 -84 2447000 32 1 7 4
NETGEAR19 2c-30-33-e9-46-d5-00-00 -77 2437000 46 1 7 4
RRL-TB-wifi2 74-da-da-ad-be-f9-00-00 -83 2427000 34 1 7 4
eduroam 1c-1d-86-34-04-4e-00-00 -86 5765000 28 1 6 4
umd 00-f6-63-34-26-3f-00-00 -55 5240000 90 0 1 0
umd-guest 00-81-c4-44-94-9b-00-00 -80 5240000 40 0 1 0
umd-secure 00-f6-63-ec-ae-02-00-00 -66 2437000 68 1 6 4
umd-util2 1c-1d-86-34-04-4c-00-00 -86 5765000 28 1 7 4
xraytest 00-2c-c8-d6-29-0f-00-00 -49 5200000 100 1 7 4
0.166374 0.502787 11
 10-bd-18-ab-f4-72-00-00 -63 2437000 74 1 7 4
DroneLab 8c-3b-ad-aa-55-b7-00-00 -83 2447000 34 1 7 4
NETGEAR04 8c-3b-ad-eb-59-d7-00-00 -81 2457000 38 1 7 4
NETGEAR19 2c-30-33-e9-46-d5-00-00 -70 2437000 60 1 7 4
RRL-TB-wifi2 74-da-da-ad-be-f9-00-00 -78 2427000 44 1 7 4
eduroam 00-f6-63-34-26-3e-00-00 -49 5240000 100 1 6 4
umd 00-f6-63-34-26-3f-00-00 -48 5240000 100 0 1 0
umd-guest 00-81-c4-44-94-9b-00-00 -88 5240000 18 0 1 0
umd-secure 00-f6-63-ec-ae-02-00-00 -70 2437000 60 1 6 4
umd-util2 1c-1d-86-34-04-4c-00-00 -86 5765000 28 1 7 4
xraytest 00-2c-c8-d6-29-0f-00-00 -56 5200000 88 1 7 4
0.16696 0.477146 10
 10-bd-18-ab-f4-72-00-00 -66 2437000 68 1 7 4
DroneLab 8c-3b-ad-aa-55-b7-00-00 -86 2447000 28 1 7 4
NETGEAR04 8c-3b-ad-eb-59-d7-00-00 -78 2457000 44 1 7 4
NETGEAR19 2c-30-33-e9-46-d5-00-00 -76 2437000 48 1 7 4
eduroam 1c-1d-86-34-04-4e-00-00 -80 5765000 40 1 6 4
umd 00-f6-63-34-26-3f-00-00 -40 5240000 100 0 1 0
umd-guest 00-f6-63-34-26-3b-00-00 -40 5240000 100 0 1 0
umd-secure 00-f6-63-70-cc-ed-00-00 -52 5300000 96 1 6 4
umd-util2 00-f6-63-34-26-3c-00-00 -40 5240000 100 1 7 4
xraytest 00-2c-c8-d6-29-0f-00-00 -61 5200000 78 1 7 4
0.16696 0.448161 11
 10-bd-18-ab-f4-72-00-00 -56 2437000 88 1 7 4
DroneLab 8c-3b-ad-aa-55-b7-00-00 -77 2447000 46 1 7 4
NETGEAR04 8c-3b-ad-eb-59-d7-00-00 -82 2457000 36 1 7 4
NETGEAR19 2c-30-33-e9-46-d5-00-00 -79 2437000 42 1 7 4
RRL-TB-wifi2 74-da-da-ad-be-f9-00-00 -73 2427000 54 1 7 4
eduroam 1c-1d-86-34-04-4e-00-00 -80 5765000 40 1 6 4
umd 00-f6-63-34-26-3f-00-00 -51 5240000 98 0 1 0
umd-guest 1c-1d-86-34-04-4b-00-00 -83 5765000 34 0 1 0
umd-secure 00-f6-63-70-cc-ed-00-00 -46 5300000 100 1 6 4
umd-util2 00-f6-63-34-26-3c-00-00 -51 5240000 98 1 7 4
xraytest 00-2c-c8-d6-29-0f-00-00 -62 5200000 76 1 7 4
0.168717 0.428094 10
 00-25-9c-c9-44-7a-00-00 -83 2462000 34 1 7 4
DroneLab 8c-3b-ad-aa-55-b7-00-00 -76 2447000 48 1 7 4
NETGEAR19 2c-30-33-e9-46-d5-00-00 -84 2432000 32 1 7 4
RRL-TB-wifi2 74-da-da-ad-be-f9-00-00 -74 2427000 52 1 7 4
eduroam 00-f6-63-34-26-3e-00-00 -56 5240000 88 1 6 4
umd 00-f6-63-34-26-3f-00-00 -55 5240000 90 0 1 0
umd-guest 1c-1d-86-34-04-4b-00-00 -79 5765000 42 0 1 0
umd-secure 00-f6-63-70-cc-ed-00-00 -48 5300000 100 1 6 4
umd-util2 00-f6-63-34-26-3c-00-00 -56 5240000 88 1 7 4
xraytest 00-2c-c8-d6-29-0f-00-00 -65 5200000 70 1 7 4
0.16696 0.400223 11
 10-bd-18-ab-f4-72-00-00 -55 2437000 90 1 7 4
DroneLab 8c-3b-ad-aa-55-b7-00-00 -80 2447000 40 1 7 4
NETGEAR04 8c-3b-ad-eb-59-d7-00-00 -79 2457000 42 1 7 4
NETGEAR19 2c-30-33-e9-46-d5-00-00 -85 2432000 30 1 7 4
RRL-TB-wifi2 74-da-da-ad-be-f9-00-00 -84 2427000 32 1 7 4
eduroam 00-f6-63-34-26-3e-00-00 -60 5240000 80 1 6 4
umd 00-f6-63-34-26-3f-00-00 -61 5240000 78 0 1 0
umd-guest 00-f6-63-34-26-3b-00-00 -60 5240000 80 0 1 0
umd-secure 00-f6-63-70-cc-ed-00-00 -56 5300000 88 1 6 4
umd-util2 00-f6-63-34-26-3c-00-00 -60 5240000 80 1 7 4
xraytest 00-2c-c8-d6-29-0f-00-00 -68 5200000 64 1 7 4
0.167545 0.382386 10
 00-25-9c-c9-44-7a-00-00 -85 2462000 30 1 7 4
DroneLab 8c-3b-ad-aa-55-b7-00-00 -72 2447000 56 1 7 4
NETGEAR04 8c-3b-ad-eb-59-d7-00-00 -73 2457000 54 1 7 4
RRL-TB-wifi2 74-da-da-ad-be-f9-00-00 -79 2427000 42 1 7 4
eduroam 00-f6-63-34-26-3e-00-00 -64 5240000 72 1 6 4
umd 1c-1d-86-34-04-4f-00-00 -80 5765000 40 0 1 0
umd-guest 1c-1d-86-34-04-4b-00-00 -80 5765000 40 0 1 0
umd-secure 00-f6-63-70-cc-ed-00-00 -59 5300000 82 1 6 4
umd-util2 00-f6-63-34-26-3c-00-00 -65 5240000 70 1 7 4
xraytest 00-2c-c8-d6-29-0f-00-00 -69 5200000 62 1 7 4
0.168131 0.352285 11
 10-bd-18-ab-f4-72-00-00 -49 2437000 100 1 7 4
NETGEAR04 8c-3b-ad-eb-59-d7-00-00 -68 2457000 64 1 7 4
NETGEAR19 2c-30-33-e9-46-d5-00-00 -68 2432000 64 1 7 4
NETGEAR19-5G 2c-30-33-e9-46-d4-00-00 -81 5765000 38 1 7 4
RRL-TB-wifi2 74-da-da-ad-be-f9-00-00 -80 2427000 40 1 7 4
eduroam 1c-1d-86-34-04-4e-00-00 -72 5765000 56 1 6 4
umd 00-f6-63-34-26-3f-00-00 -69 5240000 62 0 1 0
umd-guest 00-f6-63-34-26-3b-00-00 -70 5240000 60 0 1 0
umd-secure 00-f6-63-70-cc-ed-00-00 -67 5300000 66 1 6 4
umd-util2 00-f6-63-34-26-3c-00-00 -70 5240000 60 1 7 4
xraytest 00-2c-c8-d6-29-0f-00-00 -73 5200000 54 1 7 4
0.16696 0.329989 10
 00-25-9c-c9-44-7a-00-00 -81 2462000 38 1 7 4
DroneLab 8c-3b-ad-aa-55-b9-00-00 -83 5765000 34 1 7 4
NETGEAR04 8c-3b-ad-eb-59-d7-00-00 -76 2457000 48 1 7 4
NETGEAR19 2c-30-33-e9-46-d5-00-00 -68 2432000 64 1 7 4
eduroam 00-f6-63-70-b7-71-00-00 -83 2437000 34 1 6 4
umd 00-81-c4-1e-0d-70-00-00 -53 2462000 94 0 1 0
umd-guest 00-f6-63-34-26-34-00-00 -61 2462000 78 0 1 0
umd-secure 00-f6-63-70-cc-ed-00-00 -71 5300000 58 1 6 4
umd-util2 00-f6-63-34-26-33-00-00 -61 2462000 78 1 7 4
xraytest 00-2c-c8-d6-29-0f-00-00 -72 5200000 56 1 7 4
0.167545 0.306578 12
 10-bd-18-ab-f4-72-00-00 -47 2437000 100 1 7 4
DroneLab 8c-3b-ad-aa-55-b9-00-00 -80 5765000 40 1 7 4
EIT IoT 88-1f-a1-34-09-da-00-00 -91 2437000 12 1 7 4
NETGEAR04 8c-3b-ad-eb-59-d7-00-00 -76 2457000 48 1 7 4
NETGEAR19 2c-30-33-e9-46-d5-00-00 -77 2432000 46 1 7 4
RRL-TB-wifi2 74-da-da-ad-be-f9-00-00 -88 2427000 18 1 7 4
eduroam 1c-1d-86-34-04-4e-00-00 -76 5765000 48 1 6 4
umd 00-f6-63-34-26-3f-00-00 -72 5240000 56 0 1 0
umd-guest 00-f6-63-34-26-3b-00-00 -71 5240000 58 0 1 0
umd-secure 00-f6-63-70-cc-ed-00-00 -71 5300000 58 1 6 4
umd-util2 00-f6-63-34-26-3c-00-00 -72 5240000 56 1 7 4
xraytest 00-2c-c8-d6-29-0f-00-00 -72 5200000 56 1 7 4
0.168131 0.279822 11
 00-25-9c-c9-44-7a-00-00 -80 2462000 40 1 7 4
DroneLab 8c-3b-ad-aa-55-b7-00-00 -69 2447000 62 1 7 4
NETGEAR04 8c-3b-ad-eb-59-d7-00-00 -76 2457000 48 1 7 4
NETGEAR19 2c-30-33-e9-46-d5-00-00 -75 2432000 50 1 7 4
RRL-TB-wifi2 74-da-da-ad-be-f9-00-00 -80 2427000 40 1 7 4
eduroam 00-f6-63-34-26-3e-00-00 -78 5240000 44 1 6 4
umd 00-f6-63-34-26-3f-00-00 -78 5240000 44 0 1 0
umd-guest 1c-1d-86-34-04-4b-00-00 -73 5765000 54 0 1 0
umd-secure 00-f6-63-6f-fb-4d-00-00 -56 5280000 88 1 6 4
umd-util2 00-f6-63-34-26-3c-00-00 -77 5240000 46 1 7 4
xraytest 00-2c-c8-d6-29-0f-00-00 -72 5200000 56 1 7 4
0.16696 0.251951 11
 10-bd-18-ab-f4-72-00-00 -24 2437000 100 1 7 4
DroneLab 8c-3b-ad-aa-55-b9-00-00 -80 5765000 40 1 7 4
NETGEAR04 8c-3b-ad-eb-59-d7-00-00 -69 2457000 62 1 7 4
NETGEAR19 2c-30-33-e9-46-d5-00-00 -68 2432000 64 1 7 4
RRL-TB-wifi 74-da-da-ad-be-fa-00-00 -81 5785000 38 1 7 4
eduroam 00-2a-10-35-60-9e-00-00 -56 5180000 88 1 6 4
umd 1c-1d-86-34-04-4f-00-00 -72 5765000 56 0 1 0
umd-guest 1c-1d-86-34-04-4b-00-00 -72 5765000 56 0 1 0
umd-secure 00-f6-63-6f-fb-4d-00-00 -61 5280000 78 1 6 4
umd-util2 00-2a-10-35-60-9c-00-00 -56 5180000 88 1 7 4
xraytest 00-2c-c8-d6-29-0f-00-00 -75 5200000 50 1 7 4
0.16696 0.22854 10
 00-25-9c-c9-44-7a-00-00 -83 2462000 34 1 7 4
DroneLab 8c-3b-ad-aa-55-b7-00-00 -73 2447000 54 1 7 4
NETGEAR04 8c-3b-ad-eb-59-d7-00-00 -76 2457000 48 1 7 4
RRL-TB-wifi2 74-da-da-ad-be-f9-00-00 -83 2427000 34 1 7 4
eduroam 00-f6-63-34-26-3e-00-00 -81 5240000 38 1 6 4
umd 00-f6-63-ec-68-1f-00-00 -82 5260000 36 0 1 0
umd-guest 1c-1d-86-34-04-4b-00-00 -75 5765000 50 0 1 0
umd-secure 00-f6-63-6f-fb-4d-00-00 -67 5280000 66 1 6 4
umd-util2 00-f6-63-34-26-3c-00-00 -82 5240000 36 1 7 4
xraytest 00-2c-c8-d6-29-0f-00-00 -72 5200000 56 1 7 4
0.167545 0.206243 6
 10-bd-18-ab-f4-72-00-00 -46 2437000 100 1 7 4
eduroam cc-16-7e-ac-7f-31-00-00 -61 2412000 78 1 6 4
umd 00-f6-63-70-cc-e0-00-00 -71 2437000 58 0 1 0
umd-guest 00-f6-63-ec-ae-04-00-00 -79 2437000 42 0 1 0
umd-secure 00-f6-63-72-ad-92-00-00 -58 2462000 84 1 6 4
umd-util2 00-81-c4-1e-0d-73-00-00 -50 2462000 100 1 7 4
0.168131 0.179487 12
 10-bd-18-ab-f4-72-00-00 -48 2437000 100 1 7 4
DroneLab 8c-3b-ad-aa-55-b9-00-00 -81 5765000 38 1 7 4
NETGEAR04 8c-3b-ad-eb-59-d7-00-00 -70 2457000 60 1 7 4
NETGEAR19 2c-30-33-e9-46-d5-00-00 -73 2432000 54 1 7 4
RRL-TB-wifi 74-da-da-ad-be-fa-00-00 -85 5785000 30 1 7 4
RRL-TB-wifi2 74-da-da-ad-be-f9-00-00 -81 2427000 38 1 7 4
eduroam 1c-1d-86-34-04-4e-00-00 -68 5765000 64 1 6 4
umd 1c-1d-86-34-04-4f-00-00 -67 5765000 66 0 1 0
umd-guest 1c-1d-86-34-04-4b-00-00 -67 5765000 66 0 1 0
umd-secure 00-f6-63-6f-fb-4d-00-00 -72 5280000 56 1 6 4
umd-util2 1c-1d-86-34-04-4c-00-00 -68 5765000 64 1 7 4
xraytest 00-2c-c8-d6-29-0f-00-00 -77 5200000 46 1 7 4
0.16696 0.160535 11
 10-bd-18-ab-f4-72-00-00 -55 2437000 90 1 7 4
DroneLab 8c-3b-ad-aa-55-b9-00-00 -75 5765000 50 1 7 4
NETGEAR04 8c-3b-ad-eb-59-d7-00-00 -72 2457000 56 1 7 4
NETGEAR19 2c-30-33-e9-46-d5-00-00 -69 2432000 62 1 7 4
NETGEAR19-5G 2c-30-33-e9-46-d4-00-00 -79 5765000 42 1 7 4
RRL-TB-wifi2 74-da-da-ad-be-f9-00-00 -81 2427000 38 1 7 4
eduroam 1c-1d-86-34-04-4e-00-00 -63 5765000 74 1 6 4
umd 1c-1d-86-34-04-4f-00-00 -63 5765000 74 0 1 0
umd-guest 1c-1d-86-34-04-4b-00-00 -63 5765000 74 0 1 0
umd-secure 00-f6-63-6f-fb-4d-00-00 -73 5280000 54 1 6 4
umd-util2 1c-1d-86-34-04-4c-00-00 -63 5765000 74 1 7 4
0.167545 0.144928 10
 00-25-9c-c9-44-7a-00-00 -79 2462000 42 1 7 4
DroneLab 8c-3b-ad-aa-55-b9-00-00 -78 5765000 44 1 7 4
NETGEAR04 8c-3b-ad-eb-59-d7-00-00 -72 2457000 56 1 7 4
NETGEAR19 2c-30-33-e9-46-d5-00-00 -71 2432000 58 1 7 4
RRL-TB-wifi2 74-da-da-ad-be-f9-00-00 -87 2427000 26 1 7 4
eduroam 1c-1d-86-34-04-4e-00-00 -64 5765000 72 1 6 4
umd 00-f6-63-ec-68-1f-00-00 -84 5260000 32 0 1 0
umd-guest 1c-1d-86-34-04-4b-00-00 -64 5765000 72 0 1 0
umd-secure 00-f6-63-6f-fb-4d-00-00 -73 5280000 54 1 6 4
umd-util2 1c-1d-86-34-04-4c-00-00 -64 5765000 72 1 7 4
0.168131 0.12932 12
 00-25-9c-c9-44-7a-00-00 -79 2462000 42 1 7 4
DroneLab 8c-3b-ad-aa-55-b7-00-00 -62 2447000 76 1 7 4
EIT IoT 88-1f-a1-34-09-da-00-00 -87 2437000 26 1 7 4
NETGEAR04 8c-3b-ad-eb-59-d7-00-00 -74 2457000 52 1 7 4
NETGEAR19 2c-30-33-e9-46-d5-00-00 -84 2432000 32 1 7 4
RRL-TB-wifi2 74-da-da-ad-be-f9-00-00 -83 2427000 34 1 7 4
eduroam 1c-1d-86-34-08-0e-00-00 -83 5765000 34 1 6 4
umd 1c-1d-86-34-04-4f-00-00 -60 5765000 80 0 1 0
umd-guest 1c-1d-86-34-04-4b-00-00 -61 5765000 78 0 1 0
umd-secure 00-f6-63-72-ad-9d-00-00 -55 5280000 90 1 6 4
umd-util2 00-2a-10-35-60-9c-00-00 -53 5180000 94 1 7 4
xraytest 00-2c-c8-d6-29-0f-00-00 -74 5200000 52 1 7 4
0.182191 0.12932 12
 10-bd-18-ab-f4-72-00-00 -46 2437000 100 1 7 4
DroneLab 8c-3b-ad-aa-55-b9-00-00 -72 5765000 56 1 7 4
EIT IoT 88-1f-a1-34-09-da-00-00 -86 2437000 28 1 7 4
NETGEAR04 8c-3b-ad-eb-59-d7-00-00 -75 2457000 50 1 7 4
NETGEAR19 2c-30-33-e9-46-d5-00-00 -70 2432000 60 1 7 4
RRL-TB-wifi 74-da-da-ad-be-fa-00-00 -82 5785000 36 1 7 4
eduroam 1c-1d-86-34-04-4e-00-00 -64 5765000 72 1 6 4
umd 1c-1d-86-34-04-4f-00-00 -64 5765000 72 0 1 0
umd-guest 1c-1d-86-34-04-4b-00-00 -64 5765000 72 0 1 0
umd-secure 00-f6-63-72-ad-9d-00-00 -59 5280000 82 1 6 4
umd-util2 1c-1d-86-34-04-4c-00-00 -64 5765000 72 1 7 4
xraytest 00-2c-c8-d6-29-0f-00-00 -81 5200000 38 1 7 4
0.155243 0.12709 10
 10-bd-18-ab-f4-72-00-00 -53 2437000 94 1 7 4
DroneLab 8c-3b-ad-aa-55-b9-00-00 -79 5765000 42 1 7 4
NETGEAR04 8c-3b-ad-eb-59-d7-00-00 -79 2457000 42 1 7 4
NETGEAR19 2c-30-33-e9-46-d5-00-00 -80 2432000 40 1 7 4
RRL-TB-wifi2 74-da-da-ad-be-f9-00-00 -86 2427000 28 1 7 4
eduroam 1c-1d-86-34-04-4e-00-00 -69 5765000 62 1 6 4
umd 1c-1d-86-34-04-4f-00-00 -69 5765000 62 0 1 0
umd-guest 1c-1d-86-34-04-4b-00-00 -69 5765000 62 0 1 0
umd-secure 00-f6-63-72-ad-9d-00-00 -56 5280000 88 1 6 4
umd-util2 1c-1d-86-34-04-4c-00-00 -69 5765000 62 1 7 4
0.134739 0.12932 8
 10-bd-18-ab-f4-72-00-00 -64 2437000 72 1 7 4
DroneLab 8c-3b-ad-aa-55-b7-00-00 -77 2447000 46 1 7 4
NETGEAR19 2c-30-33-e9-46-d5-00-00 -82 2432000 36 1 7 4
eduroam cc-16-7e-ac-7f-3e-00-00 -71 5260000 58 1 6 4
umd cc-16-7e-ac-7f-3f-00-00 -73 5260000 54 0 1 0
umd-guest cc-16-7e-ac-7f-3b-00-00 -71 5260000 58 0 1 0
umd-secure cc-16-7e-ac-7f-3d-00-00 -71 5260000 58 1 6 4
umd-util2 cc-16-7e-ac-7f-3c-00-00 -71 5260000 58 1 7 4
0.118922 0.12932 9
 00-25-9c-c9-44-7a-00-00 -91 2462000 12 1 7 4
DroneLab 8c-3b-ad-aa-55-b9-00-00 -80 5765000 40 1 7 4
NETGEAR19 2c-30-33-e9-46-d5-00-00 -84 2432000 32 1 7 4
RRL-TB-wifi2 74-da-da-ad-be-f9-00-00 -88 2427000 18 1 7 4
eduroam 1c-1d-86-34-04-4e-00-00 -72 5765000 56 1 6 4
umd 00-2a-10-35-60-9f-00-00 -67 5180000 66 0 1 0
umd-guest 00-2a-10-35-60-9b-00-00 -69 5180000 62 0 1 0
umd-secure 00-f6-63-72-ad-9d-00-00 -45 5280000 100 1 6 4
umd-util2 1c-1d-86-34-08-0c-00-00 -82 5765000 36 1 7 4
0.100176 0.12932 9
DroneLab 8c-3b-ad-aa-55-b7-00-00 -82 2447000 36 1 7 4
NETGEAR04 8c-3b-ad-eb-59-d7-00-00 -84 2457000 32 1 7 4
NETGEAR19 2c-30-33-e9-46-d5-00-00 -84 2432000 32 1 7 4
eduroam cc-16-7e-ac-7f-3e-00-00 -68 5260000 64 1 6 4
small_lab b0-6e-bf-63-bf-b0-00-00 -84 2417000 32 1 7 4
umd cc-16-7e-ac-7f-3f-00-00 -68 5260000 64 0 1 0
umd-guest cc-16-7e-ac-7f-3b-00-00 -66 5260000 68 0 1 0
umd-secure cc-16-7e-ac-7f-3d-00-00 -69 5260000 62 1 6 4
umd-util2 cc-16-7e-ac-7f-3c-00-00 -68 5260000 64 1 7 4
0.0826011 0.12932 11
 10-bd-18-ab-f4-72-00-00 -73 2437000 54 1 7 4
DroneLab 8c-3b-ad-aa-55-b9-00-00 -81 5765000 38 1 7 4
NETGEAR04 8c-3b-ad-eb-59-d7-00-00 -79 2457000 42 1 7 4
NETGEAR19 2c-30-33-e9-46-d5-00-00 -85 2432000 30 1 7 4
eduroam 00-2a-10-35-60-9e-00-00 -75 5180000 50 1 6 4
small_lab b0-6e-bf-63-bf-b0-00-00 -83 2417000 34 1 7 4
umd 1c-1d-86-34-04-4f-00-00 -78 5765000 44 0 1 0
umd-guest 1c-1d-86-34-04-4b-00-00 -79 5765000 42 0 1 0
umd-secure 00-f6-63-72-ad-9d-00-00 -49 5280000 100 1 6 4
umd-util2 00-2a-10-35-60-9c-00-00 -75 5180000 50 1 7 4
xraytest 00-2c-c8-d6-29-00-00-00 -83 2412000 34 1 7 4
0.0814294 0.150502 9
 10-bd-18-ab-f4-72-00-00 -72 2437000 56 1 7 4
DroneLab 8c-3b-ad-aa-55-b7-00-00 -82 2447000 36 1 7 4
NETGEAR04 8c-3b-ad-eb-59-d7-00-00 -88 2457000 18 1 7 4
eduroam 1c-1d-86-34-04-4e-00-00 -81 5765000 38 1 6 4
umd 00-2a-10-35-60-9f-00-00 -73 5180000 54 0 1 0
umd-guest 00-2a-10-35-60-9b-00-00 -73 5180000 54 0 1 0
umd-secure 00-f6-63-72-ad-9d-00-00 -55 5280000 90 1 6 4
umd-util2 00-2a-10-35-60-9c-00-00 -73 5180000 54 1 7 4
xraytest 00-2c-c8-d6-29-00-00-00 -87 2412000 26 1 7 4
0.0679555 0.152731 7
 10-bd-18-ab-f4-72-00-00 -80 2437000 40 1 7 4
NETGEAR04 8c-3b-ad-eb-59-d7-00-00 -90 2457000 14 1 7 4
eduroam 00-f6-63-ec-6f-5e-00-00 -79 5745000 42 1 6 4
umd 1c-1d-86-34-04-4f-00-00 -83 5765000 34 0 1 0
umd-guest 00-2a-10-35-60-9b-00-00 -82 5180000 36 0 1 0
umd-secure 00-f6-63-72-ad-9d-00-00 -60 5280000 80 1 6 4
umd-util2 1c-1d-86-34-04-4c-00-00 -84 5765000 32 1 7 4
0.066198 0.12932 8
 10-bd-18-ab-f4-72-00-00 -76 2437000 48 1 7 4
DroneLab 8c-3b-ad-aa-55-b7-00-00 -72 2447000 56 1 7 4
eduroam bc-f1-f2-23-89-2e-00-00 -85 5825000 30 1 6 4
small_lab b0-6e-bf-63-bf-b0-00-00 -85 2417000 30 1 7 4
umd 64-d8-14-72-03-df-00-00 -79 5745000 42 0 1 0
umd-guest 00-2a-10-35-60-9b-00-00 -76 5180000 48 0 1 0
umd-secure 00-f6-63-72-ad-9d-00-00 -53 5280000 94 1 6 4
umd-util2 1c-1d-86-34-04-4c-00-00 -75 5765000 50 1 7 4
0.0521383 0.13155 7
 10-bd-18-ab-f4-72-00-00 -73 2437000 54 1 7 4
DroneLab 8c-3b-ad-aa-55-b7-00-00 -78 2447000 44 1 7 4
eduroam bc-f1-f2-23-89-2e-00-00 -79 5825000 42 1 6 4
umd 1c-1d-86-34-08-0f-00-00 -85 5765000 30 0 1 0
umd-guest 1c-1d-86-34-08-0b-00-00 -85 5765000 30 0 1 0
umd-secure 00-f6-63-72-ad-9d-00-00 -57 5280000 86 1 6 4
umd-util2 bc-f1-f2-23-89-2c-00-00 -80 5825000 40 1 7 4
0.0380785 0.128205 8
 5e-ef-68-6f-2b-3b-00-00 -90 2447000 14 1 7 4
DroneLab 8c-3b-ad-aa-55-b9-00-00 -80 5765000 40 1 7 4
eduroam bc-f1-f2-23-89-2e-00-00 -80 5825000 40 1 6 4
small_lab b0-6e-bf-63-bf-b0-00-00 -79 2417000 42 1 7 4
umd 1c-1d-86-34-1c-8f-00-00 -84 5785000 32 0 1 0
umd-guest 1c-1d-86-34-1c-8b-00-00 -83 5785000 34 0 1 0
umd-secure 00-f6-63-72-ad-9d-00-00 -60 5280000 80 1 6 4
umd-util2 1c-1d-86-34-04-4c-00-00 -76 5765000 48 1 7 4
0.0521383 0.152731 8
 10-bd-18-ab-f4-72-00-00 -77 2437000 46 1 7 4
eduroam 00-f6-63-70-c9-ee-00-00 -81 5220000 38 1 6 4
small_lab b0-6e-bf-63-bf-b0-00-00 -83 2417000 34 1 7 4
umd 1c-1d-86-34-04-4f-00-00 -79 5765000 42 0 1 0
umd-guest 1c-1d-86-34-04-4b-00-00 -79 5765000 42 0 1 0
umd-secure 00-f6-63-72-ad-9d-00-00 -62 5280000 76 1 6 4
umd-util2 00-f6-63-70-c9-ec-00-00 -81 5220000 38 1 7 4
xraytest 00-2c-c8-d6-29-00-00-00 -80 2412000 40 1 7 4
0.0515524 0.183946 7
 10-bd-18-ab-f4-72-00-00 -71 2437000 58 1 7 4
eduroam 00-2a-10-35-60-9e-00-00 -80 5180000 40 1 6 4
small_lab b0-6e-bf-63-bf-b0-00-00 -86 2417000 28 1 7 4
umd 00-2a-10-35-60-9f-00-00 -80 5180000 40 0 1 0
umd-guest 00-f6-63-70-c9-e4-00-00 -75 2462000 50 0 1 0
umd-secure 00-f6-63-72-ad-9d-00-00 -70 5280000 60 1 6 4
umd-util2 00-2a-10-35-60-9c-00-00 -81 5180000 38 1 7 4
0.0515524 0.217391 8
 10-bd-18-ab-f4-72-00-00 -62 2437000 76 1 7 4
NETGEAR04 8c-3b-ad-eb-59-d7-00-00 -88 2457000 18 1 7 4
eduroam 00-f6-63-70-c9-ee-00-00 -80 5220000 40 1 6 4
umd 00-f6-63-70-c9-ef-00-00 -80 5220000 40 0 1 0
umd-guest 00-f6-63-70-c9-eb-00-00 -80 5220000 40 0 1 0
umd-secure 00-f6-63-72-ad-9d-00-00 -75 5280000 50 1 6 4
umd-util2 00-f6-63-70-c9-ec-00-00 -80 5220000 40 1 7 4
xraytest 00-2c-c8-d6-29-0f-00-00 -86 5200000 28 1 7 4
0.0521383 0.231884 9
 10-bd-18-ab-f4-72-00-00 -57 2437000 86 1 7 4
DroneLab 8c-3b-ad-aa-55-b7-00-00 -81 2447000 38 1 7 4
NETGEAR19 2c-30-33-e9-46-d5-00-00 -84 2432000 32 1 7 4
eduroam 00-f6-63-70-c9-ee-00-00 -82 5220000 36 1 6 4
umd 00-f6-63-70-c9-ef-00-00 -81 5220000 38 0 1 0
umd-guest 00-f6-63-70-c9-eb-00-00 -82 5220000 36 0 1 0
umd-secure 00-81-c4-1e-0d-7d-00-00 -53 5320000 94 1 6 4
umd-util2 00-f6-63-70-c9-ec-00-00 -82 5220000 36 1 7 4
xraytest 00-2c-c8-d6-29-0f-00-00 -84 5200000 32 1 7 4
0.0533099 0.253066 6
 10-bd-18-ab-f4-72-00-00 -56 2437000 88 1 7 4
eduroam 00-f6-63-70-c9-ee-00-00 -81 5220000 38 1 6 4
umd 00-f6-63-70-c9-ef-00-00 -81 5220000 38 0 1 0
umd-guest 00-f6-63-70-c9-eb-00-00 -80 5220000 40 0 1 0
umd-secure 00-81-c4-1e-0d-7d-00-00 -44 5320000 100 1 6 4
umd-util2 00-f6-63-70-c9-ec-00-00 -81 5220000 38 1 7 4
0.0521383 0.276477 8
 10-bd-18-ab-f4-72-00-00 -56 2437000 88 1 7 4
DroneLab 8c-3b-ad-aa-55-b7-00-00 -88 2447000 18 1 7 4
eduroam 00-f6-63-70-c9-ee-00-00 -79 5220000 42 1 6 4
umd 00-f6-63-70-c9-ef-00-00 -80 5220000 40 0 1 0
umd-guest 00-f6-63-70-c9-eb-00-00 -79 5220000 42 0 1 0
umd-secure 00-81-c4-1e-0d-7d-00-00 -47 5320000 100 1 6 4
umd-util2 00-f6-63-70-c9-ec-00-00 -80 5220000 40 1 7 4
xraytest 00-2c-c8-d6-29-0f-00-00 -81 5200000 38 1 7 4
0.0533099 0.304348 7
 10-bd-18-ab-f4-72-00-00 -61 2437000 78 1 7 4
eduroam 00-f6-63-70-c9-ee-00-00 -75 5220000 50 1 6 4
umd 00-f6-63-70-c9-ef-00-00 -75 5220000 50 0 1 0
umd-guest 84-3d-c6-6e-57-5b-00-00 -82 5745000 36 0 1 0
umd-secure 00-81-c4-1e-0d-7d-00-00 -55 5320000 90 1 6 4
umd-util2 84-3d-c6-6e-57-5c-00-00 -86 5745000 28 1 7 4
xraytest 00-2c-c8-d6-29-0f-00-00 -81 5200000 38 1 7 4
0.0527241 0.328874 7
 10-bd-18-ab-f4-72-00-00 -67 2437000 66 1 7 4
eduroam cc-16-7e-ac-7f-3e-00-00 -68 5260000 64 1 6 4
umd cc-16-7e-ac-7f-3f-00-00 -68 5260000 64 0 1 0
umd-guest cc-16-7e-ac-7f-3b-00-00 -66 5260000 68 0 1 0
umd-secure cc-16-7e-ac-7f-3d-00-00 -66 5260000 68 1 6 4
umd-util2 cc-16-7e-ac-7f-3c-00-00 -66 5260000 68 1 7 4
xraytest 00-2c-c8-d6-29-00-00-00 -75 2412000 50 1 7 4
0.0533099 0.35786 7
 10-bd-18-ab-f4-72-00-00 -65 2437000 70 1 7 4
eduroam 00-f6-63-34-26-3e-00-00 -78 5240000 44 1 6 4
umd 00-f6-63-34-26-3f-00-00 -78 5240000 44 0 1 0
umd-guest 84-3d-c6-6e-57-5b-00-00 -80 5745000 40 0 1 0
umd-secure 00-81-c4-1e-0d-7d-00-00 -61 5320000 78 1 6 4
umd-util2 84-3d-c6-6e-57-5c-00-00 -80 5745000 40 1 7 4
xraytest 00-2c-c8-d6-29-0f-00-00 -80 5200000 40 1 7 4
0.0533099 0.384615 6
 10-bd-18-ab-f4-72-00-00 -75 2437000 50 1 7 4
eduroam 00-f6-63-ec-68-1e-00-00 -84 5260000 32 1 6 4
umd cc-16-7e-ac-7f-3f-00-00 -77 5260000 46 0 1 0
umd-guest 00-f6-63-34-26-3b-00-00 -76 5240000 48 0 1 0
umd-secure 00-f6-63-ec-68-1d-00-00 -82 5260000 36 1 6 4
umd-util2 00-f6-63-ec-68-1c-00-00 -83 5260000 34 1 7 4
0.0527241 0.405797 7
 10-bd-18-ab-f4-72-00-00 -73 2437000 54 1 7 4
eduroam 00-f6-63-34-26-3e-00-00 -73 5240000 54 1 6 4
umd 00-f6-63-34-26-3f-00-00 -73 5240000 54 0 1 0
umd-guest 84-3d-c6-6e-57-5b-00-00 -81 5745000 38 0 1 0
umd-secure 00-81-c4-1e-0d-7d-00-00 -71 5320000 58 1 6 4
umd-util2 84-3d-c6-6e-57-5c-00-00 -83 5745000 34 1 7 4
xraytest 00-2c-c8-d6-29-0f-00-00 -74 5200000 52 1 7 4
0.0527241 0.435897 8
 10-bd-18-ab-f4-72-00-00 -76 2437000 48 1 7 4
eduroam 00-f6-63-34-26-3e-00-00 -70 5240000 60 1 6 4
small_lab b0-6e-bf-63-bf-b0-00-00 -85 2417000 30 1 7 4
umd 00-f6-63-34-26-3f-00-00 -72 5240000 56 0 1 0
umd-guest 00-f6-63-34-26-3b-00-00 -70 5240000 60 0 1 0
umd-secure 00-f6-63-d9-ac-3d-00-00 -46 5180000 100 1 6 4
umd-util2 00-f6-63-34-26-3c-00-00 -70 5240000 60 1 7 4
xraytest 00-2c-c8-d6-29-0f-00-00 -73 5200000 54 1 7 4
0.0521383 0.464883 7
 10-bd-18-ab-f4-72-00-00 -74 2437000 52 1 7 4
eduroam 00-f6-63-34-26-3e-00-00 -72 5240000 56 1 6 4
umd 00-f6-63-34-26-3f-00-00 -72 5240000 56 0 1 0
umd-guest 00-f6-63-34-26-3b-00-00 -72 5240000 56 0 1 0
umd-secure 00-f6-63-d9-ac-3d-00-00 -37 5180000 100 1 6 4
umd-util2 00-f6-63-34-26-3c-00-00 -72 5240000 56 1 7 4
xraytest 00-2c-c8-d6-29-0f-00-00 -72 5200000 56 1 7 4
0.0515524 0.493868 7
 10-bd-18-ab-f4-72-00-00 -72 2437000 56 1 7 4
eduroam cc-16-7e-ac-7f-3e-00-00 -77 5260000 46 1 6 4
umd 00-f6-63-ec-68-1f-00-00 -69 5260000 62 0 1 0
umd-guest cc-16-7e-ac-7f-3b-00-00 -77 5260000 46 0 1 0
umd-secure cc-16-7e-ac-7f-3d-00-00 -78 5260000 44 1 6 4
umd-util2 cc-16-7e-ac-7f-3c-00-00 -76 5260000 48 1 7 4
xraytest 00-2c-c8-d6-29-0f-00-00 -67 5200000 66 1 7 4
0.0515524 0.522854 7
 10-bd-18-ab-f4-72-00-00 -83 2437000 34 1 7 4
eduroam 84-3d-c6-6e-57-5e-00-00 -76 5745000 48 1 6 4
umd 84-3d-c6-6e-57-5f-00-00 -76 5745000 48 0 1 0
umd-guest 84-3d-c6-6e-57-5b-00-00 -76 5745000 48 0 1 0
umd-secure 00-f6-63-d9-ac-3d-00-00 -55 5180000 90 1 6 4
umd-util2 84-3d-c6-6e-57-5c-00-00 -76 5745000 48 1 7 4
xraytest 00-2c-c8-d6-29-0f-00-00 -62 5200000 76 1 7 4
0.0521383 0.550725 7
 10-bd-18-ab-f4-72-00-00 -83 2437000 34 1 7 4
eduroam 00-f6-63-70-ba-8e-00-00 -80 5805000 40 1 6 4
umd 00-f6-63-70-ba-8f-00-00 -86 5805000 28 0 1 0
umd-guest 00-f6-63-70-ba-8b-00-00 -87 5805000 26 0 1 0
umd-secure 00-f6-63-d9-ac-3d-00-00 -59 5180000 82 1 6 4
umd-util2 00-f6-63-70-ba-8c-00-00 -88 5805000 18 1 7 4
xraytest 00-2c-c8-d6-29-0f-00-00 -62 5200000 76 1 7 4
0.0509666 0.576366 6
eduroam 84-3d-c6-6e-57-5e-00-00 -72 5745000 56 1 6 4
umd 84-3d-c6-6e-57-5f-00-00 -71 5745000 58 0 1 0
umd-guest 84-3d-c6-6e-57-5b-00-00 -72 5745000 56 0 1 0
umd-secure 00-f6-63-d9-ac-3d-00-00 -65 5180000 70 1 6 4
umd-util2 84-3d-c6-6e-57-5c-00-00 -71 5745000 58 1 7 4
xraytest 00-2c-c8-d6-29-0f-00-00 -58 5200000 84 1 7 4
0.0533099 0.598662 6
eduroam 00-f6-63-70-b4-6e-00-00 -87 5765000 26 1 6 4
umd 00-f6-63-70-b4-6f-00-00 -86 5765000 28 0 1 0
umd-guest 00-f6-63-70-ba-8b-00-00 -79 5805000 42 0 1 0
umd-secure 00-f6-63-d9-ac-3d-00-00 -70 5180000 60 1 6 4
umd-util2 00-f6-63-70-b4-6c-00-00 -87 5765000 26 1 7 4
xraytest 00-2c-c8-d6-29-0f-00-00 -63 5200000 74 1 7 4
0.0521383 0.617614 6
eduroam 00-f6-63-70-b4-6e-00-00 -80 5765000 40 1 6 4
umd 00-f6-63-70-b4-6f-00-00 -79 5765000 42 0 1 0
umd-guest 00-f6-63-70-b4-6b-00-00 -80 5765000 40 0 1 0
umd-secure 00-f6-63-70-c9-ed-00-00 -50 5220000 100 1 6 4
umd-util2 84-3d-c6-6e-57-5c-00-00 -66 5745000 68 1 7 4
xraytest 00-2c-c8-d6-29-0f-00-00 -62 5200000 76 1 7 4
0.0521383 0.634337 7
ISRDirPodWireless 9c-30-5b-46-eb-23-00-00 -89 2437000 16 0 1 0
eduroam 00-2a-10-5b-7a-7e-00-00 -80 5745000 40 1 6 4
umd 00-2a-10-5b-7a-7f-00-00 -79 5745000 42 0 1 0
umd-guest 00-2a-10-5b-7a-7b-00-00 -80 5745000 40 0 1 0
umd-secure 00-f6-63-70-c9-ed-00-00 -55 5220000 90 1 6 4
umd-util2 00-2a-10-5b-7a-7c-00-00 -80 5745000 40 1 7 4
xraytest 00-2c-c8-d6-29-0f-00-00 -61 5200000 78 1 7 4
0.0638547 0.632107 8
NETGEAR19 2c-30-33-e9-46-d5-00-00 -84 2432000 32 1 7 4
RRL-TB-wifi2 74-da-da-ad-be-f9-00-00 -86 2427000 28 1 7 4
eduroam 00-f6-63-70-b4-6e-00-00 -80 5765000 40 1 6 4
umd 00-f6-63-70-b4-6f-00-00 -80 5765000 40 0 1 0
umd-guest 84-3d-c6-6e-57-5b-00-00 -66 5745000 68 0 1 0
umd-secure 00-f6-63-70-c9-ed-00-00 -50 5220000 100 1 6 4
umd-util2 84-3d-c6-6e-57-5c-00-00 -67 5745000 66 1 7 4
xraytest 00-2c-c8-d6-29-0f-00-00 -56 5200000 88 1 7 4
0.0773286 0.632107 9
 10-bd-18-ab-f4-72-00-00 -83 2437000 34 1 7 4
CPS 10-7b-44-56-83-d8-00-00 -83 2437000 34 1 7 4
NETGEAR19 2c-30-33-e9-46-d5-00-00 -79 2432000 42 1 7 4
eduroam 00-f6-63-ec-68-1e-00-00 -67 5260000 66 1 6 4
umd 00-f6-63-ec-68-1f-00-00 -67 5260000 66 0 1 0
umd-guest 00-f6-63-ec-68-1b-00-00 -66 5260000 68 0 1 0
umd-secure 00-f6-63-ec-68-1d-00-00 -67 5260000 66 1 6 4
umd-util2 00-f6-63-ec-68-1c-00-00 -66 5260000 68 1 7 4
xraytest 00-2c-c8-d6-29-0f-00-00 -48 5200000 100 1 7 4
0.0896309 0.629877 8
 10-bd-18-ab-f4-72-00-00 -78 2437000 44 1 7 4
ISRDirPodWireless 9c-30-5b-46-eb-23-00-00 -88 2437000 18 0 1 0
eduroam 00-81-c4-14-09-ce-00-00 -77 5805000 46 1 6 4
umd 00-81-c4-14-09-cf-00-00 -77 5805000 46 0 1 0
umd-guest 00-81-c4-14-09-cb-00-00 -78 5805000 44 0 1 0
umd-secure 00-f6-63-70-c9-ed-00-00 -59 5220000 82 1 6 4
umd-util2 00-81-c4-14-09-cc-00-00 -78 5805000 44 1 7 4
xraytest 00-2c-c8-d6-29-0f-00-00 -39 5200000 100 1 7 4
0.102519 0.630992 7
NETGEAR19 2c-30-33-e9-46-d5-00-00 -84 2432000 32 1 7 4
eduroam 00-f6-63-ec-68-1e-00-00 -58 5260000 84 1 6 4
umd 00-f6-63-ec-68-1f-00-00 -58 5260000 84 0 1 0
umd-guest 00-f6-63-ec-68-1b-00-00 -56 5260000 88 0 1 0
umd-secure 00-f6-63-ec-68-1d-00-00 -57 5260000 86 1 6 4
umd-util2 00-f6-63-ec-68-1c-00-00 -56 5260000 88 1 7 4
xraytest 00-2c-c8-d6-29-0f-00-00 -40 5200000 100 1 7 4
0.116579 0.633222 7
NETGEAR19 2c-30-33-e9-46-d5-00-00 -82 2432000 36 1 7 4
eduroam 00-81-c4-14-09-ce-00-00 -78 5805000 44 1 6 4
umd 00-81-c4-14-09-cf-00-00 -79 5805000 42 0 1 0
umd-guest 00-81-c4-14-09-cb-00-00 -78 5805000 44 0 1 0
umd-secure 00-f6-63-70-c9-ed-00-00 -65 5220000 70 1 6 4
umd-util2 00-81-c4-14-09-cc-00-00 -78 5805000 44 1 7 4
xraytest 00-2c-c8-d6-29-0f-00-00 -35 5200000 100 1 7 4
0.137083 0.630992 8
 10-bd-18-ab-f4-72-00-00 -72 2437000 56 1 7 4
ISRDirPodWireless 9c-30-5b-46-eb-23-00-00 -79 2437000 42 0 1 0
eduroam 00-81-c4-14-09-ce-00-00 -77 5805000 46 1 6 4
umd 00-81-c4-14-09-cf-00-00 -77 5805000 46 0 1 0
umd-guest 00-81-c4-14-09-cb-00-00 -77 5805000 46 0 1 0
umd-secure 00-f6-63-70-c9-ed-00-00 -68 5220000 64 1 6 4
umd-util2 00-81-c4-14-09-cc-00-00 -77 5805000 46 1 7 4
xraytest 00-2c-c8-d6-29-0f-00-00 -36 5200000 100 1 7 4
0.153486 0.632107 8
 10-bd-18-ab-f4-72-00-00 -70 2437000 60 1 7 4
NETGEAR19 2c-30-33-e9-46-d5-00-00 -76 2432000 48 1 7 4
eduroam 00-81-c4-14-09-ce-00-00 -79 5805000 42 1 6 4
umd 00-81-c4-14-09-cf-00-00 -78 5805000 44 0 1 0
umd-guest 00-81-c4-14-09-cb-00-00 -78 5805000 44 0 1 0
umd-secure 00-f6-63-70-c9-ed-00-00 -69 5220000 62 1 6 4
umd-util2 00-81-c4-14-09-cc-00-00 -78 5805000 44 1 7 4
xraytest 00-2c-c8-d6-29-0f-00-00 -42 5200000 100 1 7 4
0.0509666 0.658863 6
eduroam 00-f6-63-ec-68-1e-00-00 -78 5260000 44 1 6 4
umd 00-f6-63-ec-68-1f-00-00 -78 5260000 44 0 1 0
umd-guest cc-16-7e-ac-7f-3b-00-00 -87 5260000 26 0 1 0
umd-secure 00-f6-63-ec-68-1d-00-00 -78 5260000 44 1 6 4
umd-util2 cc-16-7e-ac-7f-3c-00-00 -87 5260000 26 1 7 4
xraytest 00-2c-c8-d6-29-0f-00-00 -64 5200000 72 1 7 4
0.0515524 0.683389 6
eduroam 00-f6-63-70-b4-6e-00-00 -79 5765000 42 1 6 4
umd 00-81-c4-14-09-cf-00-00 -80 5805000 40 0 1 0
umd-guest 00-f6-63-70-b4-6b-00-00 -78 5765000 44 0 1 0
umd-secure 00-f6-63-70-c9-ed-00-00 -66 5220000 68 1 6 4
umd-util2 00-f6-63-70-b4-6c-00-00 -79 5765000 42 1 7 4
xraytest 00-2c-c8-d6-29-0f-00-00 -62 5200000 76 1 7 4
0.0521383 0.719064 6
eduroam 00-f6-63-ec-68-1e-00-00 -81 5260000 38 1 6 4
umd 00-f6-63-ec-68-1f-00-00 -80 5260000 40 0 1 0
umd-guest 00-f6-63-ec-68-1b-00-00 -80 5260000 40 0 1 0
umd-secure 00-f6-63-ec-68-1d-00-00 -80 5260000 40 1 6 4
umd-util2 00-f6-63-ec-68-1c-00-00 -81 5260000 38 1 7 4
xraytest 00-2c-c8-d6-29-0f-00-00 -70 5200000 60 1 7 4
0.0503808 0.751394 6
 10-bd-18-ab-f4-72-00-00 -89 2437000 16 1 7 4
eduroam 00-f6-63-70-c9-e1-00-00 -63 2462000 74 1 6 4
umd 00-f6-63-70-c9-e0-00-00 -63 2462000 74 0 1 0
umd-guest 00-81-c4-1e-0d-74-00-00 -75 2462000 50 0 1 0
umd-secure 00-f6-63-70-c9-e2-00-00 -63 2462000 74 1 6 4
umd-util2 00-f6-63-72-ad-93-00-00 -80 2462000 40 1 7 4
0.0509666 0.77146 6
eduroam 00-81-c4-14-09-ce-00-00 -86 5805000 28 1 6 4
umd 00-81-c4-14-09-cf-00-00 -85 5805000 30 0 1 0
umd-guest 00-81-c4-14-09-cb-00-00 -86 5805000 28 0 1 0
umd-secure 00-f6-63-70-c9-e2-00-00 -65 2462000 70 1 6 4
umd-util2 00-81-c4-14-09-cc-00-00 -84 5805000 32 1 7 4
xraytest 00-2c-c8-d6-29-0f-00-00 -75 5200000 50 1 7 4
0.0533099 0.789298 6
eduroam 00-81-c4-14-09-ce-00-00 -77 5805000 46 1 6 4
umd 00-81-c4-14-09-cf-00-00 -77 5805000 46 0 1 0
umd-guest 00-81-c4-14-09-cb-00-00 -77 5805000 46 0 1 0
umd-secure 00-f6-63-70-c9-e2-00-00 -65 2462000 70 1 6 4
umd-util2 00-81-c4-14-09-cc-00-00 -78 5805000 44 1 7 4
xraytest 00-2c-c8-d6-29-00-00-00 -66 2412000 68 1 7 4
0.0673697 0.790412 7
NETGEAR19 2c-30-33-e9-46-d5-00-00 -84 2432000 32 1 7 4
eduroam 00-81-c4-14-09-ce-00-00 -78 5805000 44 1 6 4
umd 00-81-c4-14-09-cf-00-00 -78 5805000 44 0 1 0
umd-guest 00-81-c4-14-09-cb-00-00 -78 5805000 44 0 1 0
umd-secure 00-f6-63-70-c9-e2-00-00 -65 2462000 70 1 6 4
umd-util2 00-81-c4-14-09-cc-00-00 -77 5805000 46 1 7 4
xraytest 00-2c-c8-d6-29-0f-00-00 -75 5200000 50 1 7 4
0.0802578 0.788183 7
NETGEAR19 2c-30-33-e9-46-d5-00-00 -89 2432000 16 1 7 4
eduroam 00-81-c4-14-09-ce-00-00 -77 5805000 46 1 6 4
umd 00-81-c4-14-09-cf-00-00 -77 5805000 46 0 1 0
umd-guest 00-81-c4-14-09-cb-00-00 -76 5805000 48 0 1 0
umd-secure 00-f6-63-70-c9-e2-00-00 -67 2462000 66 1 6 4
umd-util2 00-81-c4-14-09-cc-00-00 -77 5805000 46 1 7 4
xraytest 00-2c-c8-d6-29-0f-00-00 -70 5200000 60 1 7 4
0.0978325 0.787068 7
NETGEAR19 2c-30-33-e9-46-d5-00-00 -85 2432000 30 1 7 4
eduroam 00-81-c4-14-09-ce-00-00 -76 5805000 48 1 6 4
umd 00-81-c4-14-09-cf-00-00 -77 5805000 46 0 1 0
umd-guest 00-81-c4-14-09-cb-00-00 -77 5805000 46 0 1 0
umd-secure 00-f6-63-70-c9-e2-00-00 -71 2462000 58 1 6 4
umd-util2 00-81-c4-14-09-cc-00-00 -77 5805000 46 1 7 4
xraytest 00-2c-c8-d6-29-0f-00-00 -69 5200000 62 1 7 4
0.115407 0.790412 6
eduroam 00-81-c4-14-09-ce-00-00 -75 5805000 50 1 6 4
umd 00-81-c4-14-09-cf-00-00 -75 5805000 50 0 1 0
umd-guest 00-81-c4-14-09-cb-00-00 -75 5805000 50 0 1 0
umd-secure 00-81-c4-14-09-cd-00-00 -76 5805000 48 1 6 4
umd-util2 00-81-c4-14-09-cc-00-00 -75 5805000 50 1 7 4
xraytest 00-2c-c8-d6-29-0f-00-00 -65 5200000 70 1 7 4
0.136497 0.789298 6
eduroam 00-f6-63-ec-68-1e-00-00 -81 5260000 38 1 6 4
umd 00-f6-63-ec-68-1f-00-00 -80 5260000 40 0 1 0
umd-guest 00-f6-63-ec-68-1b-00-00 -79 5260000 42 0 1 0
umd-secure 00-f6-63-ec-68-1d-00-00 -80 5260000 40 1 6 4
umd-util2 00-f6-63-ec-68-1c-00-00 -79 5260000 42 1 7 4
xraytest 00-2c-c8-d6-29-0f-00-00 -65 5200000 70 1 7 4
0.154657 0.788183 7
Varsity WiFi 54-3d-37-27-d4-28-00-00 -84 2462000 32 0 1 0
eduroam 00-81-c4-14-09-ce-00-00 -71 5805000 58 1 6 4
umd 00-81-c4-14-09-cf-00-00 -71 5805000 58 0 1 0
umd-guest 00-81-c4-14-09-cb-00-00 -71 5805000 58 0 1 0
umd-secure 00-f6-63-70-c9-e2-00-00 -72 2462000 56 1 6 4
umd-util2 00-81-c4-14-09-cc-00-00 -71 5805000 58 1 7 4
xraytest 00-2c-c8-d6-29-0f-00-00 -63 5200000 74 1 7 4
0.169889 0.787068 6
eduroam 00-81-c4-14-09-ce-00-00 -68 5805000 64 1 6 4
umd 00-f6-63-ec-68-1f-00-00 -80 5260000 40 0 1 0
umd-guest 00-81-c4-14-09-cb-00-00 -68 5805000 64 0 1 0
umd-secure 00-f6-63-70-c9-e2-00-00 -73 2462000 54 1 6 4
umd-util2 00-81-c4-14-09-cc-00-00 -68 5805000 64 1 7 4
xraytest 00-2c-c8-d6-29-0f-00-00 -63 5200000 74 1 7 4
0.197422 0.790412 8
Bill Clinton 88-1f-a1-42-e6-bc-00-00 -87 2462000 26 1 7 4
eduroam 00-81-c4-14-09-ce-00-00 -63 5805000 74 1 6 4
island-0AE8C0 58-b6-33-4a-e8-c3-00-00 -88 2437000 18 1 7 4
umd 00-81-c4-14-09-cf-00-00 -64 5805000 72 0 1 0
umd-guest 00-81-c4-14-09-cb-00-00 -64 5805000 72 0 1 0
umd-secure 00-f6-63-70-c9-e2-00-00 -74 2462000 52 1 6 4
umd-util2 00-81-c4-14-09-cc-00-00 -64 5805000 72 1 7 4
xraytest 00-2c-c8-d6-29-0f-00-00 -70 5200000 60 1 7 4
0.213825 0.790412 9
Bill Clinton 88-1f-a1-42-e6-bc-00-00 -87 2462000 26 1 7 4
NETGEAR04 8c-3b-ad-eb-59-d7-00-00 -89 2457000 16 1 7 4
Varsity WiFi 54-3d-37-27-d4-28-00-00 -81 2462000 38 0 1 0
eduroam 00-f6-63-ec-68-1e-00-00 -84 5260000 32 1 6 4
umd 00-f6-63-ec-68-1f-00-00 -84 5260000 32 0 1 0
umd-guest 00-f6-63-ec-68-1b-00-00 -86 5260000 28 0 1 0
umd-secure 00-f6-63-ec-68-1d-00-00 -85 5260000 30 1 6 4
umd-util2 00-f6-63-ec-68-1c-00-00 -85 5260000 30 1 7 4
xraytest 00-2c-c8-d6-29-0f-00-00 -69 5200000 62 1 7 4
0.236087 0.790412 8
Bill Clinton 88-1f-a1-42-e6-bc-00-00 -79 2462000 42 1 7 4
NETGEAR19 2c-30-33-e9-46-d5-00-00 -84 2432000 32 1 7 4
eduroam 00-81-c4-14-09-ce-00-00 -61 5805000 78 1 6 4
umd 00-81-c4-14-09-cf-00-00 -61 5805000 78 0 1 0
umd-guest 00-81-c4-14-09-cb-00-00 -60 5805000 80 0 1 0
umd-secure 00-81-c4-44-94-9d-00-00 -49 5240000 100 1 6 4
umd-util2 00-81-c4-14-09-cc-00-00 -60 5805000 80 1 7 4
xraytest 00-2c-c8-d6-29-0f-00-00 -73 5200000 54 1 7 4
0.25249 0.788183 7
NETGEAR19 2c-30-33-e9-46-d5-00-00 -85 2432000 30 1 7 4
eduroam 00-81-c4-14-09-ce-00-00 -59 5805000 82 1 6 4
umd 00-81-c4-14-09-cf-00-00 -60 5805000 80 0 1 0
umd-guest 00-81-c4-14-09-cb-00-00 -59 5805000 82 0 1 0
umd-secure 00-81-c4-14-09-cd-00-00 -60 5805000 80 1 6 4
umd-util2 00-81-c4-14-09-cc-00-00 -59 5805000 82 1 7 4
xraytest 00-2c-c8-d6-29-0f-00-00 -74 5200000 52 1 7 4
0.267721 0.790412 7
NETGEAR19 2c-30-33-e9-46-d5-00-00 -81 2432000 38 1 7 4
eduroam 00-81-c4-14-09-ce-00-00 -54 5805000 92 1 6 4
umd 00-81-c4-14-09-cf-00-00 -54 5805000 92 0 1 0
umd-guest 00-81-c4-14-09-cb-00-00 -54 5805000 92 0 1 0
umd-secure 00-81-c4-44-94-9d-00-00 -62 5240000 76 1 6 4
umd-util2 00-81-c4-14-09-cc-00-00 -54 5805000 92 1 7 4
xraytest 00-2c-c8-d6-29-0f-00-00 -76 5200000 48 1 7 4
0.294083 0.788183 6
eduroam 00-81-c4-14-09-ce-00-00 -50 5805000 100 1 6 4
umd 00-81-c4-14-09-cf-00-00 -51 5805000 98 0 1 0
umd-guest 00-81-c4-14-09-cb-00-00 -51 5805000 98 0 1 0
umd-secure 00-81-c4-44-94-9d-00-00 -64 5240000 72 1 6 4
umd-util2 00-81-c4-14-09-cc-00-00 -50 5805000 100 1 7 4
xraytest 00-2c-c8-d6-29-0f-00-00 -78 5200000 44 1 7 4
0.318102 0.788183 7
NETGEAR19 2c-30-33-e9-46-d5-00-00 -82 2432000 36 1 7 4
eduroam 00-81-c4-14-09-ce-00-00 -49 5805000 100 1 6 4
umd 00-81-c4-14-09-cf-00-00 -49 5805000 100 0 1 0
umd-guest 00-81-c4-14-09-cb-00-00 -49 5805000 100 0 1 0
umd-secure 00-81-c4-44-94-9d-00-00 -64 5240000 72 1 6 4
umd-util2 00-81-c4-14-09-cc-00-00 -49 5805000 100 1 7 4
xraytest 00-2c-c8-d6-29-0f-00-00 -79 5200000 42 1 7 4
0.335091 0.791527 7
NETGEAR19 2c-30-33-e9-46-d5-00-00 -78 2432000 44 1 7 4
eduroam 00-81-c4-44-9a-5e-00-00 -81 5260000 38 1 6 4
umd 00-81-c4-44-9a-5f-00-00 -80 5260000 40 0 1 0
umd-guest 00-81-c4-44-9a-5b-00-00 -82 5260000 36 0 1 0
umd-secure 00-81-c4-44-9a-5d-00-00 -81 5260000 38 1 6 4
umd-util2 00-81-c4-44-9a-5c-00-00 -82 5260000 36 1 7 4
xraytest 00-2c-c8-d6-29-0f-00-00 -81 5200000 38 1 7 4
0.355595 0.788183 5
eduroam 00-81-c4-14-09-ce-00-00 -60 5805000 80 1 6 4
umd 00-81-c4-14-09-cf-00-00 -60 5805000 80 0 1 0
umd-guest 00-81-c4-14-09-cb-00-00 -60 5805000 80 0 1 0
umd-secure 00-81-c4-44-94-9d-00-00 -70 5240000 60 1 6 4
umd-util2 00-81-c4-14-09-cc-00-00 -60 5805000 80 1 7 4
0.373169 0.789298 6
eduroam 00-f6-63-70-ce-7e-00-00 -73 5200000 54 1 6 4
umd 00-f6-63-70-ce-7f-00-00 -73 5200000 54 0 1 0
umd-guest 00-f6-63-70-ce-7b-00-00 -73 5200000 54 0 1 0
umd-secure 00-81-c4-14-09-cd-00-00 -63 5805000 74 1 6 4
umd-util2 00-f6-63-70-ce-7c-00-00 -73 5200000 54 1 7 4
xraytest 00-2c-c8-d6-29-0f-00-00 -85 5200000 30 1 7 4
0.390744 0.788183 7
NETGEAR19 2c-30-33-e9-46-d5-00-00 -80 2432000 40 1 7 4
eduroam 00-81-c4-14-18-7e-00-00 -76 5320000 48 1 6 4
umd 00-81-c4-14-18-7f-00-00 -76 5320000 48 0 1 0
umd-guest 00-f6-63-70-7d-db-00-00 -89 5320000 16 0 1 0
umd-secure 00-81-c4-14-09-cd-00-00 -65 5805000 70 1 6 4
umd-util2 00-81-c4-14-18-7c-00-00 -75 5320000 50 1 7 4
xraytest 00-2c-c8-d6-29-00-00-00 -79 2412000 42 1 7 4
0.40246 0.787068 7
NETGEAR19 2c-30-33-e9-46-d5-00-00 -76 2432000 48 1 7 4
Varsity WiFi 58-b6-33-0a-ea-18-00-00 -87 2462000 26 0 1 0
eduroam 00-81-c4-14-09-ce-00-00 -67 5805000 66 1 6 4
umd 00-81-c4-14-09-cf-00-00 -67 5805000 66 0 1 0
umd-guest 00-81-c4-14-09-cb-00-00 -67 5805000 66 0 1 0
umd-secure 00-81-c4-14-09-cd-00-00 -69 5805000 62 1 6 4
umd-util2 00-81-c4-14-09-cc-00-00 -69 5805000 62 1 7 4
0.417692 0.788183 7
Bill Clinton 88-1f-a1-42-e6-bc-00-00 -87 2462000 26 1 7 4
eduroam 00-81-c4-14-09-ce-00-00 -69 5805000 62 1 6 4
umd 00-81-c4-14-09-cf-00-00 -69 5805000 62 0 1 0
umd-guest 00-81-c4-14-09-cb-00-00 -69 5805000 62 0 1 0
umd-secure 00-81-c4-14-09-cd-00-00 -69 5805000 62 1 6 4
umd-util2 00-81-c4-14-09-cc-00-00 -69 5805000 62 1 7 4
xraytest 00-2c-c8-d6-29-0f-00-00 -87 5200000 26 1 7 4
0.414177 0.810479 10
NETGEAR19 2c-30-33-e9-46-d5-00-00 -77 2432000 46 1 7 4
RRL-TB-wifi2 74-da-da-ad-be-f9-00-00 -82 2427000 36 1 7 4
Varsity WiFi 58-b6-33-0a-ea-18-00-00 -86 2462000 28 0 1 0
eduroam 00-81-c4-14-09-ce-00-00 -71 5805000 58 1 6 4
island-0AE8C0 58-b6-33-4a-e8-c3-00-00 -87 2437000 26 1 7 4
umd 00-81-c4-14-09-cf-00-00 -71 5805000 58 0 1 0
umd-guest 00-81-c4-14-09-cb-00-00 -71 5805000 58 0 1 0
umd-secure 00-81-c4-14-09-cd-00-00 -71 5805000 58 1 6 4
umd-util2 00-81-c4-14-09-cc-00-00 -71 5805000 58 1 7 4
xraytest 00-2c-c8-d6-29-00-00-00 -82 2412000 36 1 7 4
0.436438 0.789298 10
DroneLab 8c-3b-ad-aa-55-b7-00-00 -88 2447000 18 1 7 4
MOJO-----secure 00-11-74-8e-96-e0-00-00 -82 2437000 36 1 6 4
NETGEAR19 2c-30-33-e9-46-d5-00-00 -80 2432000 40 1 7 4
NETGEAR19-5G 2c-30-33-e9-46-d4-00-00 -89 5765000 16 1 7 4
RRL-TB-wifi2 74-da-da-ad-be-f9-00-00 -73 2427000 54 1 7 4
eduroam 00-f6-63-6f-da-ae-00-00 -80 5260000 40 1 6 4
umd 00-f6-63-6f-da-af-00-00 -80 5260000 40 0 1 0
umd-guest 00-f6-63-a3-03-bb-00-00 -82 5260000 36 0 1 0
umd-secure 00-f6-63-b2-27-1d-00-00 -80 5260000 40 1 6 4
umd-util2 00-f6-63-b2-27-1c-00-00 -80 5260000 40 1 7 4
0.458699 0.790412 8
MOJO-----secure 00-11-74-8e-96-d0-00-00 -88 5220000 18 1 6 4
NETGEAR19 2c-30-33-e9-46-d5-00-00 -61 2432000 78 1 7 4
RRL-TB-wifi2 74-da-da-ad-be-f9-00-00 -75 2427000 50 1 7 4
eduroam 00-81-c4-14-09-ce-00-00 -78 5805000 44 1 6 4
umd 00-81-c4-14-09-cf-00-00 -77 5805000 46 0 1 0
umd-guest 00-f6-63-ec-6b-1b-00-00 -85 5805000 30 0 1 0
umd-secure 00-f6-63-70-7e-fd-00-00 -68 5765000 64 1 6 4
umd-util2 00-f6-63-ec-6b-1c-00-00 -87 5805000 26 1 7 4
0.473345 0.785953 13
 00-25-9c-c9-44-7a-00-00 -80 2437000 40 1 7 4
DroneLab 8c-3b-ad-aa-55-b7-00-00 -75 2447000 50 1 7 4
ISRDirPodWireless 9c-30-5b-46-eb-23-00-00 -87 2437000 26 0 1 0
MOJO-----secure 00-11-74-8e-96-d0-00-00 -80 5220000 40 1 6 4
NETGEAR04 8c-3b-ad-eb-59-d7-00-00 -74 2457000 52 1 7 4
NETGEAR19 2c-30-33-e9-46-d5-00-00 -55 2432000 90 1 7 4
RRL-TB-wifi 74-da-da-ad-be-fa-00-00 -80 5785000 40 1 7 4
RRL-TB-wifi2 74-da-da-ad-be-f9-00-00 -66 2427000 68 1 7 4
eduroam 00-2a-10-1b-b0-0e-00-00 -76 5785000 48 1 6 4
umd 00-2a-10-1b-b0-0f-00-00 -77 5785000 46 0 1 0
umd-guest 00-2a-10-1b-b0-0b-00-00 -77 5785000 46 0 1 0
umd-secure 00-f6-63-d9-c2-2d-00-00 -62 5180000 76 1 6 4
umd-util2 00-2a-10-1b-b0-0c-00-00 -76 5785000 48 1 7 4
0.472759 0.770346 10
DroneLab 8c-3b-ad-aa-55-b7-00-00 -83 2447000 34 1 7 4
MOJO-----secure 00-11-74-8e-96-d0-00-00 -86 5220000 28 1 6 4
NETGEAR19 2c-30-33-e9-46-d5-00-00 -62 2432000 76 1 7 4
RRL-TB-wifi 74-da-da-ad-be-fa-00-00 -85 5785000 30 1 7 4
RRL-TB-wifi2 74-da-da-ad-be-f9-00-00 -68 2427000 64 1 7 4
eduroam 00-2a-10-1b-b0-0e-00-00 -79 5785000 42 1 6 4
umd 00-2a-10-1b-b0-0f-00-00 -79 5785000 42 0 1 0
umd-guest 00-2a-10-1b-b0-0b-00-00 -80 5785000 40 0 1 0
umd-secure 00-f6-63-d9-c2-2d-00-00 -56 5180000 88 1 6 4
umd-util2 00-2a-10-1b-b0-0c-00-00 -78 5785000 44 1 7 4
0.472759 0.740245 12
 00-25-9c-c9-44-7a-00-00 -73 2437000 54 1 7 4
ISRDirPodWireless 9c-30-5b-46-eb-23-00-00 -83 2437000 34 0 1 0
NETGEAR04 8c-3b-ad-eb-59-d7-00-00 -85 2457000 30 1 7 4
NETGEAR19 2c-30-33-e9-46-d5-00-00 -55 2432000 90 1 7 4
NETGEAR19-5G 2c-30-33-e9-46-d4-00-00 -79 5765000 42 1 7 4
RRL-TB-wifi 74-da-da-ad-be-fa-00-00 -86 5785000 28 1 7 4
RRL-TB-wifi2 74-da-da-ad-be-f9-00-00 -79 2427000 42 1 7 4
eduroam 00-f6-63-a3-03-be-00-00 -78 5260000 44 1 6 4
umd 00-f6-63-a3-03-bf-00-00 -77 5260000 46 0 1 0
umd-guest 00-f6-63-a3-03-bb-00-00 -80 5260000 40 0 1 0
umd-secure 00-f6-63-a3-03-bd-00-00 -79 5260000 42 1 6 4
umd-util2 00-f6-63-a3-03-bc-00-00 -80 5260000 40 1 7 4
0.473345 0.710145 14
 00-25-9c-c9-44-7a-00-00 -78 2437000 44 1 7 4
DroneLab 8c-3b-ad-aa-55-b7-00-00 -86 2447000 28 1 7 4
ISRDirPodWireless 9c-30-5b-46-eb-23-00-00 -76 2437000 48 0 1 0
NETGEAR04 8c-3b-ad-eb-59-d7-00-00 -76 2457000 48 1 7 4
NETGEAR19 2c-30-33-e9-46-d5-00-00 -61 2432000 78 1 7 4
NETGEAR19-5G 2c-30-33-e9-46-d4-00-00 -78 5765000 44 1 7 4
RRL-TB-wifi 74-da-da-ad-be-fa-00-00 -79 5785000 42 1 7 4
RRL-TB-wifi2 74-da-da-ad-be-f9-00-00 -68 2427000 64 1 7 4
eduroam 00-f6-63-70-7e-fe-00-00 -76 5765000 48 1 6 4
umd 00-f6-63-70-7e-ff-00-00 -76 5765000 48 0 1 0
umd-guest 00-f6-63-70-7e-fb-00-00 -75 5765000 50 0 1 0
umd-secure 00-f6-63-d9-c2-2d-00-00 -51 5180000 98 1 6 4
umd-util2 00-f6-63-70-7e-fc-00-00 -76 5765000 48 1 7 4
xraytest 00-2c-c8-d6-29-00-00-00 -85 2412000 30 1 7 4
0.472759 0.684504 13
 00-25-9c-c9-44-7a-00-00 -73 2437000 54 1 7 4
ISRDirPodWireless 9c-30-5b-46-eb-23-00-00 -73 2437000 54 0 1 0
MOJO-----secure 00-11-74-8e-91-f0-00-00 -85 5240000 30 1 6 4
NETGEAR04 8c-3b-ad-eb-59-d7-00-00 -77 2457000 46 1 7 4
NETGEAR19 2c-30-33-e9-46-d5-00-00 -58 2432000 84 1 7 4
NETGEAR19-5G 2c-30-33-e9-46-d4-00-00 -74 5765000 52 1 7 4
RRL-TB-wifi 74-da-da-ad-be-fa-00-00 -78 5785000 44 1 7 4
RRL-TB-wifi2 74-da-da-ad-be-f9-00-00 -59 2427000 82 1 7 4
eduroam 00-f6-63-70-7e-fe-00-00 -80 5765000 40 1 6 4
umd 00-f6-63-70-7e-ff-00-00 -80 5765000 40 0 1 0
umd-guest 00-f6-63-70-7e-fb-00-00 -81 5765000 38 0 1 0
umd-secure 00-f6-63-d9-c2-2d-00-00 -49 5180000 100 1 6 4
umd-util2 1c-1d-86-34-04-4c-00-00 -81 5765000 38 1 7 4
0.471588 0.661093 12
 00-25-9c-c9-44-7a-00-00 -75 2437000 50 1 7 4
ISRDirPodWireless 9c-30-5b-46-eb-23-00-00 -65 2437000 70 0 1 0
MOJO-----secure 00-11-74-8e-dc-30-00-00 -80 5220000 40 1 6 4
NETGEAR04 8c-3b-ad-eb-59-d7-00-00 -74 2457000 52 1 7 4
NETGEAR19 2c-30-33-e9-46-d5-00-00 -55 2432000 90 1 7 4
NETGEAR19-5G 2c-30-33-e9-46-d4-00-00 -75 5765000 50 1 7 4
RRL-TB-wifi 74-da-da-ad-be-fa-00-00 -78 5785000 44 1 7 4
eduroam 1c-1d-86-34-04-4e-00-00 -86 5765000 28 1 6 4
umd 00-f6-63-70-7e-ff-00-00 -79 5765000 42 0 1 0
umd-guest 00-f6-63-70-ce-7b-00-00 -77 5200000 46 0 1 0
umd-secure 00-f6-63-d9-c2-2d-00-00 -56 5180000 88 1 6 4
umd-util2 1c-1d-86-34-04-4c-00-00 -87 5765000 26 1 7 4
0.457528 0.658863 14
DroneLab 8c-3b-ad-aa-55-b9-00-00 -80 5765000 40 1 7 4
ISRDirPodWireless 9c-30-5b-46-eb-23-00-00 -68 2437000 64 0 1 0
MOJO-----secure 00-11-74-8e-dc-40-00-00 -71 2462000 58 1 6 4
NETGEAR04 8c-3b-ad-eb-59-d7-00-00 -76 2457000 48 1 7 4
NETGEAR19 2c-30-33-e9-46-d5-00-00 -58 2432000 84 1 7 4
NETGEAR19-5G 2c-30-33-e9-46-d4-00-00 -74 5765000 52 1 7 4
RRL-TB-wifi 74-da-da-ad-be-fa-00-00 -77 5785000 46 1 7 4
RRL-TB-wifi2 74-da-da-ad-be-f9-00-00 -54 2427000 92 1 7 4
eduroam 00-f6-63-70-ce-7e-00-00 -82 5200000 36 1 6 4
umd 00-f6-63-70-ce-7f-00-00 -81 5200000 38 0 1 0
umd-guest 00-f6-63-70-ce-7b-00-00 -81 5200000 38 0 1 0
umd-secure 00-f6-63-d9-c2-2d-00-00 -53 5180000 94 1 6 4
umd-util2 00-f6-63-70-ce-7c-00-00 -81 5200000 38 1 7 4
xraytest 00-2c-c8-d6-29-00-00-00 -78 2412000 44 1 7 4
0.440539 0.661093 10
NETGEAR04 8c-3b-ad-eb-59-d7-00-00 -70 2457000 60 1 7 4
NETGEAR19 2c-30-33-e9-46-d5-00-00 -60 2432000 80 1 7 4
NETGEAR19-5G 2c-30-33-e9-46-d4-00-00 -76 5765000 48 1 7 4
RRL-TB-wifi 74-da-da-ad-be-fa-00-00 -69 5785000 62 1 7 4
RRL-TB-wifi2 74-da-da-ad-be-f9-00-00 -52 2427000 96 1 7 4
eduroam 1c-1d-86-34-04-4e-00-00 -79 5765000 42 1 6 4
umd 00-f6-63-70-7e-ff-00-00 -80 5765000 40 0 1 0
umd-guest 00-f6-63-70-7e-fb-00-00 -80 5765000 40 0 1 0
umd-secure 00-f6-63-d9-c2-2d-00-00 -47 5180000 100 1 6 4
umd-util2 00-f6-63-70-7e-fc-00-00 -79 5765000 42 1 7 4
0.439953 0.647715 13
DroneLab 8c-3b-ad-aa-55-b7-00-00 -78 2447000 44 1 7 4
ISRDirPodWireless 9c-30-5b-46-eb-23-00-00 -70 2437000 60 0 1 0
MOJO-----secure 00-11-74-8e-91-f0-00-00 -88 5240000 18 1 6 4
NETGEAR04 8c-3b-ad-eb-59-d7-00-00 -77 2457000 46 1 7 4
NETGEAR19 2c-30-33-e9-46-d5-00-00 -59 2432000 82 1 7 4
RRL-TB-wifi 74-da-da-ad-be-fa-00-00 -75 5785000 50 1 7 4
RRL-TB-wifi2 74-da-da-ad-be-f9-00-00 -51 2427000 98 1 7 4
eduroam 00-f6-63-a3-03-be-00-00 -72 5260000 56 1 6 4
umd 00-f6-63-a3-03-bf-00-00 -72 5260000 56 0 1 0
umd-guest 00-f6-63-a3-03-bb-00-00 -72 5260000 56 0 1 0
umd-secure 00-f6-63-a3-03-bd-00-00 -72 5260000 56 1 6 4
umd-util2 00-f6-63-a3-03-bc-00-00 -72 5260000 56 1 7 4
xraytest 00-2c-c8-d6-29-0f-00-00 -83 5200000 34 1 7 4
0.458114 0.645485 13
 00-25-9c-c9-44-7a-00-00 -71 2437000 58 1 7 4
ISRDirPodWireless 9c-30-5b-46-eb-23-00-00 -73 2437000 54 0 1 0
MOJO-----secure 00-11-74-8e-dc-30-00-00 -84 5220000 32 1 6 4
NETGEAR04 8c-3b-ad-eb-59-d7-00-00 -71 2457000 58 1 7 4
NETGEAR19 2c-30-33-e9-46-d5-00-00 -50 2432000 100 1 7 4
NETGEAR19-5G 2c-30-33-e9-46-d4-00-00 -73 5765000 54 1 7 4
RRL-TB-wifi 74-da-da-ad-be-fa-00-00 -72 5785000 56 1 7 4
RRL-TB-wifi2 74-da-da-ad-be-f9-00-00 -55 2427000 90 1 7 4
eduroam 00-f6-63-70-7e-fe-00-00 -79 5765000 42 1 6 4
umd 00-f6-63-70-7e-ff-00-00 -80 5765000 40 0 1 0
umd-guest 00-f6-63-70-7e-fb-00-00 -81 5765000 38 0 1 0
umd-secure 00-f6-63-d9-c2-2d-00-00 -52 5180000 96 1 6 4
umd-util2 00-f6-63-70-7e-fc-00-00 -80 5765000 40 1 7 4
0.477446 0.641026 13
 00-25-9c-c9-44-7a-00-00 -55 2437000 90 1 7 4
ISRDirPodWireless 9c-30-5b-46-eb-23-00-00 -57 2437000 86 0 1 0
MOJO-----secure 00-11-74-8e-dc-30-00-00 -81 5220000 38 1 6 4
NETGEAR04 8c-3b-ad-eb-59-d7-00-00 -75 2457000 50 1 7 4
NETGEAR19 2c-30-33-e9-46-d5-00-00 -56 2432000 88 1 7 4
NETGEAR19-5G 2c-30-33-e9-46-d4-00-00 -66 5765000 68 1 7 4
RRL-TB-wifi 74-da-da-ad-be-fa-00-00 -73 5785000 54 1 7 4
RRL-TB-wifi2 74-da-da-ad-be-f9-00-00 -54 2427000 92 1 7 4
eduroam 00-f6-63-a3-03-be-00-00 -66 5260000 68 1 6 4
umd 00-f6-63-a3-03-bf-00-00 -65 5260000 70 0 1 0
umd-guest 00-f6-63-a3-03-bb-00-00 -67 5260000 66 0 1 0
umd-secure 00-f6-63-a3-03-bd-00-00 -65 5260000 70 1 6 4
umd-util2 00-f6-63-a3-03-bc-00-00 -65 5260000 70 1 7 4
0.491506 0.643255 15
 00-25-9c-c9-44-7a-00-00 -64 2437000 72 1 7 4
DroneLab 8c-3b-ad-aa-55-b9-00-00 -80 5765000 40 1 7 4
ISRDirPodWireless 9c-30-5b-46-eb-23-00-00 -53 2437000 94 0 1 0
MOJO-----secure 00-11-74-8e-91-f0-00-00 -84 5240000 32 1 6 4
NETGEAR04 8c-3b-ad-eb-59-d7-00-00 -65 2457000 70 1 7 4
NETGEAR19 2c-30-33-e9-46-d5-00-00 -45 2432000 100 1 7 4
NETGEAR19-5G 2c-30-33-e9-46-d4-00-00 -67 5765000 66 1 7 4
RRL-TB-wifi 74-da-da-ad-be-fa-00-00 -73 5785000 54 1 7 4
RRL-TB-wifi2 74-da-da-ad-be-f9-00-00 -57 2427000 86 1 7 4
eduroam 00-2a-10-1b-b0-0e-00-00 -88 5785000 18 1 6 4
umd 00-2a-10-1b-b0-0f-00-00 -88 5785000 18 0 1 0
umd-guest 00-2a-10-1b-b0-0b-00-00 -87 5785000 26 0 1 0
umd-secure 00-f6-63-d9-c2-2d-00-00 -61 5180000 78 1 6 4
umd-util2 00-2a-10-1b-b0-0c-00-00 -87 5785000 26 1 7 4
xraytest 00-2c-c8-d6-29-0f-00-00 -83 5200000 34 1 7 4
0.511424 0.639911 14
DroneLab 8c-3b-ad-aa-55-b7-00-00 -70 2447000 60 1 7 4
ISRDirPodWireless 9c-30-5b-46-eb-23-00-00 -55 2437000 90 0 1 0
MOJO-----secure 00-11-74-8e-91-f0-00-00 -82 5240000 36 1 6 4
NETGEAR04 8c-3b-ad-eb-59-d7-00-00 -66 2457000 68 1 7 4
NETGEAR19 2c-30-33-e9-46-d5-00-00 -47 2432000 100 1 7 4
NETGEAR19-5G 2c-30-33-e9-46-d4-00-00 -70 5765000 60 1 7 4
RRL-TB-wifi 74-da-da-ad-be-fa-00-00 -72 5785000 56 1 7 4
RRL-TB-wifi2 74-da-da-ad-be-f9-00-00 -59 2427000 82 1 7 4
eduroam 00-f6-63-a3-03-be-00-00 -59 5260000 82 1 6 4
umd 00-f6-63-a3-03-bf-00-00 -59 5260000 82 0 1 0
umd-guest 00-2a-10-1b-b0-0b-00-00 -80 5785000 40 0 1 0
umd-secure 00-f6-63-d9-c2-2d-00-00 -63 5180000 74 1 6 4
umd-util2 00-2a-10-1b-b0-0c-00-00 -79 5785000 42 1 7 4
xraytest 00-2c-c8-d6-29-0f-00-00 -82 5200000 36 1 7 4
0.513767 0.622074 14
 00-25-9c-c9-44-7a-00-00 -63 2437000 74 1 7 4
DroneLab 8c-3b-ad-aa-55-b7-00-00 -75 2447000 50 1 7 4
ISRDirPodWireless 9c-30-5b-46-eb-23-00-00 -56 2437000 88 0 1 0
MOJO-----secure 00-11-74-8e-dc-30-00-00 -82 5220000 36 1 6 4
NETGEAR04 8c-3b-ad-eb-59-d7-00-00 -70 2457000 60 1 7 4
NETGEAR19 2c-30-33-e9-46-d5-00-00 -62 2432000 76 1 7 4
NETGEAR19-5G 2c-30-33-e9-46-d4-00-00 -76 5765000 48 1 7 4
RRL-TB-wifi 74-da-da-ad-be-fa-00-00 -73 5785000 54 1 7 4
RRL-TB-wifi2 74-da-da-ad-be-f9-00-00 -61 2427000 78 1 7 4
eduroam 00-2a-10-1b-b0-0e-00-00 -80 5785000 40 1 6 4
umd 00-2a-10-1b-b0-0f-00-00 -81 5785000 38 0 1 0
umd-guest 00-2a-10-1b-b0-0b-00-00 -79 5785000 42 0 1 0
umd-secure 00-f6-63-d9-c2-2d-00-00 -65 5180000 70 1 6 4
umd-util2 00-2a-10-1b-b0-0c-00-00 -85 5785000 30 1 7 4
0.496778 0.623188 15
DroneLab 8c-3b-ad-aa-55-b7-00-00 -71 2447000 58 1 7 4
ISRDirPodWireless 9c-30-5b-46-eb-23-00-00 -59 2437000 82 0 1 0
MOJO-----secure 00-11-74-8e-91-f0-00-00 -87 5240000 26 1 6 4
NETGEAR04 8c-3b-ad-eb-59-d7-00-00 -70 2457000 60 1 7 4
NETGEAR04-5G 8c-3b-ad-eb-59-d9-00-00 -78 5745000 44 1 7 4
NETGEAR19 2c-30-33-e9-46-d5-00-00 -52 2432000 96 1 7 4
NETGEAR19-5G 2c-30-33-e9-46-d4-00-00 -69 5765000 62 1 7 4
RRL-TB-wifi 74-da-da-ad-be-fa-00-00 -73 5785000 54 1 7 4
RRL-TB-wifi2 74-da-da-ad-be-f9-00-00 -55 2427000 90 1 7 4
eduroam 00-f6-63-a3-03-be-00-00 -66 5260000 68 1 6 4
umd 00-f6-63-a3-03-bf-00-00 -66 5260000 68 0 1 0
umd-guest 00-2a-10-1b-b0-0b-00-00 -86 5785000 28 0 1 0
umd-secure 00-f6-63-d9-c2-2d-00-00 -61 5180000 78 1 6 4
umd-util2 00-2a-10-1b-b0-0c-00-00 -85 5785000 30 1 7 4
xraytest 00-2c-c8-d6-29-0f-00-00 -81 5200000 38 1 7 4
0.480961 0.620959 13
ISRDirPodWireless 9c-30-5b-46-eb-23-00-00 -66 2437000 68 0 1 0
MOJO-----secure 00-11-74-8e-91-f0-00-00 -89 5240000 16 1 6 4
NETGEAR04 8c-3b-ad-eb-59-d7-00-00 -70 2457000 60 1 7 4
NETGEAR19 2c-30-33-e9-46-d5-00-00 -52 2432000 96 1 7 4
NETGEAR19-5G 2c-30-33-e9-46-d4-00-00 -66 5765000 68 1 7 4
RRL-TB-wifi 74-da-da-ad-be-fa-00-00 -75 5785000 50 1 7 4
RRL-TB-wifi2 74-da-da-ad-be-f9-00-00 -52 2427000 96 1 7 4
eduroam 00-2a-10-1b-b0-0e-00-00 -80 5785000 40 1 6 4
umd 00-2a-10-1b-b0-0f-00-00 -81 5785000 38 0 1 0
umd-guest 00-2a-10-1b-b0-0b-00-00 -80 5785000 40 0 1 0
umd-secure 00-f6-63-d9-c2-2d-00-00 -59 5180000 82 1 6 4
umd-util2 00-2a-10-1b-b0-0c-00-00 -81 5785000 38 1 7 4
xraytest 00-2c-c8-d6-29-00-00-00 -71 2412000 58 1 7 4
0.463386 0.629877 13
 00-25-9c-c9-44-7a-00-00 -64 2437000 72 1 7 4
ISRDirPodWireless 9c-30-5b-46-eb-23-00-00 -75 2437000 50 0 1 0
MOJO-----secure 00-11-74-8e-dc-30-00-00 -84 5220000 32 1 6 4
NETGEAR04 8c-3b-ad-eb-59-d7-00-00 -75 2457000 50 1 7 4
NETGEAR19 2c-30-33-e9-46-d5-00-00 -54 2432000 92 1 7 4
NETGEAR19-5G 2c-30-33-e9-46-d4-00-00 -72 5765000 56 1 7 4
RRL-TB-wifi 74-da-da-ad-be-fa-00-00 -75 5785000 50 1 7 4
RRL-TB-wifi2 74-da-da-ad-be-f9-00-00 -55 2427000 90 1 7 4
eduroam 00-f6-63-a3-03-be-00-00 -67 5260000 66 1 6 4
umd 00-f6-63-a3-03-bf-00-00 -67 5260000 66 0 1 0
umd-guest 00-f6-63-a3-03-bb-00-00 -68 5260000 64 0 1 0
umd-secure 00-f6-63-a3-03-bd-00-00 -67 5260000 66 1 6 4
umd-util2 00-f6-63-a3-03-bc-00-00 -68 5260000 64 1 7 4
0.44464 0.632107 12
DroneLab 8c-3b-ad-aa-55-b7-00-00 -80 2447000 40 1 7 4
ISRDirPodWireless 9c-30-5b-46-eb-23-00-00 -85 2437000 30 0 1 0
MOJO-----secure 00-11-74-8e-dc-30-00-00 -88 5220000 18 1 6 4
NETGEAR19 2c-30-33-e9-46-d5-00-00 -67 2432000 66 1 7 4
RRL-TB-wifi 74-da-da-ad-be-fa-00-00 -77 5785000 46 1 7 4
RRL-TB-wifi2 74-da-da-ad-be-f9-00-00 -59 2427000 82 1 7 4
eduroam 00-f6-63-70-7e-fe-00-00 -76 5765000 48 1 6 4
umd 00-81-c4-44-94-9f-00-00 -86 5240000 28 0 1 0
umd-guest 00-f6-63-70-7e-fb-00-00 -77 5765000 46 0 1 0
umd-secure 00-f6-63-d9-c2-2d-00-00 -53 5180000 94 1 6 4
umd-util2 00-f6-63-70-7e-fc-00-00 -76 5765000 48 1 7 4
xraytest 00-2c-c8-d6-29-00-00-00 -67 2412000 66 1 7 4
0.421793 0.632107 13
 00-25-9c-c9-44-7a-00-00 -78 2437000 44 1 7 4
DroneLab 8c-3b-ad-aa-55-b7-00-00 -82 2447000 36 1 7 4
ISRDirPodWireless 9c-30-5b-46-eb-23-00-00 -84 2437000 32 0 1 0
NETGEAR04 8c-3b-ad-eb-59-d7-00-00 -77 2457000 46 1 7 4
NETGEAR19 2c-30-33-e9-46-d5-00-00 -61 2432000 78 1 7 4
RRL-TB-wifi 74-da-da-ad-be-fa-00-00 -78 5785000 44 1 7 4
RRL-TB-wifi2 74-da-da-ad-be-f9-00-00 -66 2427000 68 1 7 4
eduroam 00-f6-63-a3-03-be-00-00 -79 5260000 42 1 6 4
umd 00-f6-63-a3-03-bf-00-00 -78 5260000 44 0 1 0
umd-guest 00-f6-63-ec-68-1b-00-00 -87 5260000 26 0 1 0
umd-secure 00-f6-63-a3-03-bd-00-00 -78 5260000 44 1 6 4
umd-util2 00-f6-63-ec-68-1c-00-00 -87 5260000 26 1 7 4
xraytest 00-2c-c8-d6-29-0f-00-00 -72 5200000 56 1 7 4
0.407733 0.630992 1
umd-secure 00-81-c4-44-94-9d-00-00 -83 5240000 34 1 6 4
0.389572 0.632107 11
DroneLab 8c-3b-ad-aa-55-b7-00-00 -83 2447000 34 1 7 4
NETGEAR04 8c-3b-ad-eb-59-d7-00-00 -79 2457000 42 1 7 4
NETGEAR19 2c-30-33-e9-46-d5-00-00 -69 2432000 62 1 7 4
RRL-TB-wifi 74-da-da-ad-be-fa-00-00 -81 5785000 38 1 7 4
RRL-TB-wifi2 74-da-da-ad-be-f9-00-00 -67 2427000 66 1 7 4
eduroam 00-81-c4-14-09-ce-00-00 -75 5805000 50 1 6 4
umd 00-81-c4-14-09-cf-00-00 -75 5805000 50 0 1 0
umd-guest 00-81-c4-14-09-cb-00-00 -73 5805000 54 0 1 0
umd-secure 00-f6-63-70-7e-fd-00-00 -61 5765000 78 1 6 4
umd-util2 00-81-c4-14-09-cc-00-00 -74 5805000 52 1 7 4
xraytest 00-2c-c8-d6-29-0f-00-00 -74 5200000 52 1 7 4
0.371998 0.629877 12
 00-25-9c-c9-44-7a-00-00 -87 2437000 26 1 7 4
DroneLab 8c-3b-ad-aa-55-b7-00-00 -85 2447000 30 1 7 4
ISRDirPodWireless 9c-30-5b-46-eb-23-00-00 -84 2437000 32 0 1 0
NETGEAR04 8c-3b-ad-eb-59-d7-00-00 -72 2457000 56 1 7 4
NETGEAR19 2c-30-33-e9-46-d5-00-00 -67 2432000 66 1 7 4
RRL-TB-wifi2 74-da-da-ad-be-f9-00-00 -71 2427000 58 1 7 4
eduroam 00-f6-63-a3-03-be-00-00 -80 5260000 40 1 6 4
umd 00-f6-63-a3-03-bf-00-00 -80 5260000 40 0 1 0
umd-guest 00-f6-63-a3-03-bb-00-00 -80 5260000 40 0 1 0
umd-secure 00-81-c4-44-9a-5d-00-00 -82 5260000 36 1 6 4
umd-util2 00-f6-63-a3-03-bc-00-00 -79 5260000 42 1 7 4
xraytest 00-2c-c8-d6-29-0f-00-00 -68 5200000 64 1 7 4
0.350908 0.633222 9
 00-25-9c-c9-44-7a-00-00 -80 2437000 40 1 7 4
DroneLab 8c-3b-ad-aa-55-b7-00-00 -83 2447000 34 1 7 4
RRL-TB-wifi 74-da-da-ad-be-fa-00-00 -80 5785000 40 1 7 4
eduroam 00-81-c4-14-09-ce-00-00 -72 5805000 56 1 6 4
umd 00-81-c4-14-09-cf-00-00 -71 5805000 58 0 1 0
umd-guest 00-81-c4-14-09-cb-00-00 -72 5805000 56 0 1 0
umd-secure 00-f6-63-70-7e-fd-00-00 -68 5765000 64 1 6 4
umd-util2 00-81-c4-14-09-cc-00-00 -71 5805000 58 1 7 4
xraytest 00-2c-c8-d6-29-0f-00-00 -66 5200000 68 1 7 4
0.328647 0.628763 9
 00-25-9c-c9-44-7a-00-00 -80 2437000 40 1 7 4
DroneLab 8c-3b-ad-aa-55-b7-00-00 -81 2447000 38 1 7 4
RRL-TB-wifi 74-da-da-ad-be-fa-00-00 -80 5785000 40 1 7 4
eduroam 00-81-c4-44-94-9e-00-00 -76 5240000 48 1 6 4
umd 00-81-c4-44-94-9f-00-00 -76 5240000 48 0 1 0
umd-guest 00-81-c4-14-09-cb-00-00 -71 5805000 58 0 1 0
umd-secure 00-f6-63-70-ce-7d-00-00 -49 5200000 100 1 6 4
umd-util2 00-81-c4-14-09-cc-00-00 -71 5805000 58 1 7 4
xraytest 00-2c-c8-d6-29-00-00-00 -59 2412000 82 1 7 4
0.3099 0.628763 11
DroneLab 8c-3b-ad-aa-55-b7-00-00 -81 2447000 38 1 7 4
ISRDirPodWireless 9c-30-5b-46-eb-23-00-00 -87 2437000 26 0 1 0
NETGEAR04 8c-3b-ad-eb-59-d7-00-00 -76 2457000 48 1 7 4
NETGEAR19 2c-30-33-e9-46-d5-00-00 -63 2422000 74 1 7 4
RRL-TB-wifi 74-da-da-ad-be-fa-00-00 -79 5785000 42 1 7 4
eduroam 00-81-c4-14-09-ce-00-00 -67 5805000 66 1 6 4
umd 00-81-c4-14-09-cf-00-00 -66 5805000 68 0 1 0
umd-guest 00-81-c4-14-09-cb-00-00 -66 5805000 68 0 1 0
umd-secure 00-f6-63-70-ce-7d-00-00 -56 5200000 88 1 6 4
umd-util2 00-81-c4-14-09-cc-00-00 -66 5805000 68 1 7 4
xraytest 00-2c-c8-d6-29-0f-00-00 -66 5200000 68 1 7 4
0.287639 0.629877 10
NETGEAR04 8c-3b-ad-eb-59-d7-00-00 -74 2457000 52 1 7 4
NETGEAR19 2c-30-33-e9-46-d5-00-00 -76 2422000 48 1 7 4
NETGEAR19-5G 2c-30-33-e9-46-d4-00-00 -79 5765000 42 1 7 4
RRL-TB-wifi2 74-da-da-ad-be-f9-00-00 -84 2427000 32 1 7 4
eduroam 00-81-c4-14-09-ce-00-00 -65 5805000 70 1 6 4
umd 00-81-c4-14-09-cf-00-00 -66 5805000 68 0 1 0
umd-guest 00-81-c4-14-09-cb-00-00 -63 5805000 74 0 1 0
umd-secure 00-f6-63-70-ce-7d-00-00 -60 5200000 80 1 6 4
umd-util2 00-81-c4-14-09-cc-00-00 -65 5805000 70 1 7 4
xraytest 00-2c-c8-d6-29-0f-00-00 -60 5200000 80 1 7 4
0.25952 0.632107 12
 00-25-9c-c9-44-7a-00-00 -83 2437000 34 1 7 4
DroneLab 8c-3b-ad-aa-55-b7-00-00 -84 2447000 32 1 7 4
NETGEAR04 8c-3b-ad-eb-59-d7-00-00 -78 2457000 44 1 7 4
NETGEAR19 2c-30-33-e9-46-d5-00-00 -67 2422000 66 1 7 4
NETGEAR19-5G 2c-30-33-e9-46-d4-00-00 -84 5765000 32 1 7 4
RRL-TB-wifi2 74-da-da-ad-be-f9-00-00 -78 2427000 44 1 7 4
eduroam 00-81-c4-14-09-ce-00-00 -66 5805000 68 1 6 4
umd 00-81-c4-14-09-cf-00-00 -68 5805000 64 0 1 0
umd-guest 00-81-c4-14-09-cb-00-00 -66 5805000 68 0 1 0
umd-secure 00-f6-63-70-ce-7d-00-00 -68 5200000 64 1 6 4
umd-util2 00-81-c4-14-09-cc-00-00 -66 5805000 68 1 7 4
xraytest 00-2c-c8-d6-29-0f-00-00 -60 5200000 80 1 7 4
0.247217 0.632107 10
DroneLab 8c-3b-ad-aa-55-b7-00-00 -86 2447000 28 1 7 4
NETGEAR04 8c-3b-ad-eb-59-d7-00-00 -76 2457000 48 1 7 4
NETGEAR19 2c-30-33-e9-46-d5-00-00 -68 2422000 64 1 7 4
RRL-TB-wifi2 74-da-da-ad-be-f9-00-00 -79 2427000 42 1 7 4
eduroam 00-81-c4-14-09-ce-00-00 -68 5805000 64 1 6 4
umd 00-81-c4-14-09-cf-00-00 -68 5805000 64 0 1 0
umd-guest 00-81-c4-14-09-cb-00-00 -69 5805000 62 0 1 0
umd-secure 00-f6-63-70-ce-7d-00-00 -70 5200000 60 1 6 4
umd-util2 00-81-c4-14-09-cc-00-00 -68 5805000 64 1 7 4
xraytest 00-2c-c8-d6-29-0f-00-00 -58 5200000 84 1 7 4
0.233743 0.629877 7
NETGEAR19 2c-30-33-e9-46-d5-00-00 -80 2422000 40 1 7 4
eduroam 00-81-c4-14-09-ce-00-00 -72 5805000 56 1 6 4
umd 00-81-c4-14-09-cf-00-00 -72 5805000 56 0 1 0
umd-guest 00-81-c4-14-09-cb-00-00 -72 5805000 56 0 1 0
umd-secure 00-f6-63-70-ce-7d-00-00 -70 5200000 60 1 6 4
umd-util2 00-81-c4-14-09-cc-00-00 -71 5805000 58 1 7 4
xraytest 00-2c-c8-d6-29-0f-00-00 -56 5200000 88 1 7 4
0.526655 0.625418 13
 00-25-9c-c9-44-7a-00-00 -81 2437000 38 1 7 4
ISRDirPodWireless 9c-30-5b-46-eb-23-00-00 -59 2437000 82 0 1 0
MOJO-----secure 00-11-74-8e-91-f0-00-00 -84 5240000 32 1 6 4
NETGEAR04 8c-3b-ad-eb-59-d7-00-00 -68 2457000 64 1 7 4
NETGEAR19 2c-30-33-e9-46-d5-00-00 -59 2422000 82 1 7 4
NETGEAR19-5G 2c-30-33-e9-46-d4-00-00 -78 5765000 44 1 7 4
RRL-TB-wifi 74-da-da-ad-be-fa-00-00 -73 5785000 54 1 7 4
RRL-TB-wifi2 74-da-da-ad-be-f9-00-00 -54 2427000 92 1 7 4
eduroam 00-2a-10-1b-b0-0e-00-00 -78 5785000 44 1 6 4
umd 00-2a-10-1b-b0-0f-00-00 -79 5785000 42 0 1 0
umd-guest 00-2a-10-1b-b0-0b-00-00 -79 5785000 42 0 1 0
umd-secure 00-f6-63-d9-c2-2d-00-00 -70 5180000 60 1 6 4
umd-util2 00-2a-10-1b-b0-0c-00-00 -78 5785000 44 1 7 4
0.543058 0.628763 11
 10-bd-18-ab-f4-72-00-00 -84 2437000 32 1 7 4
ISRDirPodWireless 9c-30-5b-46-eb-23-00-00 -64 2437000 72 0 1 0
MOJO-----secure 00-11-74-8e-91-f0-00-00 -79 5240000 42 1 6 4
NETGEAR19 2c-30-33-e9-46-d5-00-00 -60 2422000 80 1 7 4
RRL-TB-wifi2 74-da-da-ad-be-f9-00-00 -62 2427000 76 1 7 4
eduroam 1c-1d-86-34-04-4e-00-00 -78 5765000 44 1 6 4
umd 00-2a-10-5b-7a-7f-00-00 -80 5745000 40 0 1 0
umd-guest 00-2a-10-1b-b0-0b-00-00 -81 5785000 38 0 1 0
umd-secure 00-f6-63-a3-03-bd-00-00 -49 5260000 100 1 6 4
umd-util2 00-2a-10-1b-b0-0c-00-00 -77 5785000 46 1 7 4
xraytest 00-2c-c8-d6-29-0f-00-00 -82 5200000 36 1 7 4
0.558289 0.628763 11
 10-bd-18-ab-f4-72-00-00 -80 2437000 40 1 7 4
ISRDirPodWireless 9c-30-5b-46-eb-23-00-00 -55 2437000 90 0 1 0
MOJO-----secure 00-11-74-8e-91-f0-00-00 -77 5240000 46 1 6 4
NETGEAR19 2c-30-33-e9-46-d5-00-00 -63 2422000 74 1 7 4
RRL-TB-wifi2 74-da-da-ad-be-f9-00-00 -57 2427000 86 1 7 4
eduroam 00-2a-10-1b-b0-0e-00-00 -74 5785000 52 1 6 4
umd 00-2a-10-1b-b0-0f-00-00 -74 5785000 52 0 1 0
umd-guest 00-2a-10-1b-b0-0b-00-00 -74 5785000 52 0 1 0
umd-secure 00-f6-63-a3-03-bd-00-00 -60 5260000 80 1 6 4
umd-util2 00-2a-10-1b-b0-0c-00-00 -74 5785000 52 1 7 4
xraytest 00-2c-c8-d6-29-0f-00-00 -82 5200000 36 1 7 4
0.574692 0.627648 10
ISRDirPodWireless 9c-30-5b-46-eb-23-00-00 -56 2437000 88 0 1 0
MOJO-----secure 00-11-74-8e-91-f0-00-00 -77 5240000 46 1 6 4
NETGEAR19 2c-30-33-e9-46-d5-00-00 -70 2422000 60 1 7 4
RRL-TB-wifi2 74-da-da-ad-be-f9-00-00 -70 2427000 60 1 7 4
eduroam 00-2a-10-1b-b0-0e-00-00 -76 5785000 48 1 6 4
umd 00-2a-10-1b-b0-0f-00-00 -77 5785000 46 0 1 0
umd-guest 00-2a-10-1b-b0-0b-00-00 -77 5785000 46 0 1 0
umd-secure 00-f6-63-a3-03-bd-00-00 -61 5260000 78 1 6 4
umd-util2 00-2a-10-1b-b0-0c-00-00 -77 5785000 46 1 7 4
xraytest 00-2c-c8-d6-29-00-00-00 -79 2412000 42 1 7 4
0.59461 0.630992 14
CPS 10-7b-44-56-83-d8-00-00 -81 2437000 38 1 7 4
DroneLab 8c-3b-ad-aa-55-b7-00-00 -82 2447000 36 1 7 4
ISRDirPodWireless 9c-30-5b-46-eb-23-00-00 -64 2437000 72 0 1 0
MOJO-----secure 00-11-74-8e-91-f0-00-00 -79 5240000 42 1 6 4
NETGEAR04 8c-3b-ad-eb-59-d7-00-00 -77 2457000 46 1 7 4
NETGEAR19 2c-30-33-e9-46-d5-00-00 -66 2422000 68 1 7 4
RRL-TB-wifi 74-da-da-ad-be-fa-00-00 -74 5785000 52 1 7 4
RRL-TB-wifi2 74-da-da-ad-be-f9-00-00 -59 2427000 82 1 7 4
eduroam 00-2a-10-1b-b0-0e-00-00 -75 5785000 50 1 6 4
umd 00-2a-10-1b-b0-0f-00-00 -75 5785000 50 0 1 0
umd-guest 00-2a-10-1b-b0-0b-00-00 -75 5785000 50 0 1 0
umd-secure 00-f6-63-a3-03-bd-00-00 -66 5260000 68 1 6 4
umd-util2 00-2a-10-1b-b0-0c-00-00 -75 5785000 50 1 7 4
xraytest 00-2c-c8-d6-29-0f-00-00 -84 5200000 32 1 7 4
0.616872 0.629877 13
CPS_5G 10-7b-44-56-83-dc-00-00 -88 5200000 18 1 7 4
ISRDirPodWireless 9c-30-5b-46-eb-23-00-00 -70 2437000 60 0 1 0
MOJO-----secure 00-11-74-8e-91-f0-00-00 -83 5240000 34 1 6 4
NETGEAR19 2c-30-33-e9-46-d5-00-00 -65 2422000 70 1 7 4
NETGEAR19-5G 2c-30-33-e9-46-d4-00-00 -80 5765000 40 1 7 4
RRL-TB-wifi 74-da-da-ad-be-fa-00-00 -78 5785000 44 1 7 4
RRL-TB-wifi2 74-da-da-ad-be-f9-00-00 -69 2427000 62 1 7 4
eduroam 00-f6-63-d9-bc-fe-00-00 -81 5260000 38 1 6 4
umd 00-f6-63-d9-bc-ff-00-00 -79 5260000 42 0 1 0
umd-guest 00-f6-63-6f-da-ab-00-00 -74 5260000 52 0 1 0
umd-secure 00-f6-63-d9-bc-fd-00-00 -79 5260000 42 1 6 4
umd-util2 00-f6-63-70-ca-fc-00-00 -87 5260000 26 1 7 4
xraytest 00-2c-c8-d6-29-00-00-00 -78 2412000 44 1 7 4
0.637961 0.626533 11
ISRDirPodWireless 9c-30-5b-46-eb-23-00-00 -72 2437000 56 0 1 0
MOJO-----secure 00-11-74-8e-91-f0-00-00 -83 5240000 34 1 6 4
NETGEAR04 8c-3b-ad-eb-59-d7-00-00 -85 2457000 30 1 7 4
NETGEAR19 2c-30-33-e9-46-d5-00-00 -72 2422000 56 1 7 4
NETGEAR19-5G 2c-30-33-e9-46-d4-00-00 -81 5765000 38 1 7 4
RRL-TB-wifi2 74-da-da-ad-be-f9-00-00 -67 2427000 66 1 7 4
eduroam 00-2a-10-1b-b0-0e-00-00 -83 5785000 34 1 6 4
umd 00-2a-10-1b-b0-0f-00-00 -75 5785000 50 0 1 0
umd-guest 00-2a-10-1b-b0-0b-00-00 -77 5785000 46 0 1 0
umd-secure 00-2a-10-5b-75-dd-00-00 -62 5320000 76 1 6 4
umd-util2 00-2a-10-1b-b0-0c-00-00 -79 5785000 42 1 7 4
0.652021 0.629877 12
CPS 10-7b-44-56-83-d8-00-00 -81 2437000 38 1 7 4
CPS_5G 10-7b-44-56-83-dc-00-00 -84 5200000 32 1 7 4
MOJO-----secure 00-11-74-8e-91-f0-00-00 -88 5240000 18 1 6 4
NETGEAR19 2c-30-33-e9-46-d5-00-00 -72 2422000 56 1 7 4
RRL-TB-wifi 74-da-da-ad-be-fa-00-00 -80 5785000 40 1 7 4
RRL-TB-wifi2 74-da-da-ad-be-f9-00-00 -65 2427000 70 1 7 4
eduroam 00-f6-63-d9-bc-fe-00-00 -74 5260000 52 1 6 4
umd 00-f6-63-6f-da-af-00-00 -67 5260000 66 0 1 0
umd-guest 00-f6-63-a3-03-bb-00-00 -75 5260000 50 0 1 0
umd-secure 00-2a-10-5b-75-dd-00-00 -63 5320000 74 1 6 4
umd-util2 00-f6-63-6f-da-ac-00-00 -67 5260000 66 1 7 4
xraytest 00-2c-c8-d6-29-00-00-00 -76 2412000 48 1 7 4
0.66901 0.625418 10
CPS 10-7b-44-56-83-d8-00-00 -76 2437000 48 1 7 4
DroneLab 8c-3b-ad-aa-55-b7-00-00 -80 2447000 40 1 7 4
ISRDirPodWireless 9c-30-5b-46-eb-23-00-00 -78 2437000 44 0 1 0
MOJO-----secure 00-11-74-8e-de-a0-00-00 -75 5180000 50 1 6 4
RRL-TB-wifi2 74-da-da-ad-be-f9-00-00 -64 2427000 72 1 7 4
eduroam 00-2a-10-1b-b0-0e-00-00 -77 5785000 46 1 6 4
umd 00-2a-10-1b-b0-0f-00-00 -77 5785000 46 0 1 0
umd-guest 00-2a-10-1b-b0-0b-00-00 -77 5785000 46 0 1 0
umd-secure 00-2a-10-5b-75-dd-00-00 -60 5320000 80 1 6 4
umd-util2 00-2a-10-1b-b0-0c-00-00 -77 5785000 46 1 7 4
0.690685 0.629877 11
CPS 10-7b-44-56-83-d8-00-00 -77 2437000 46 1 7 4
MOJO-----secure 00-11-74-8c-95-20-00-00 -83 2462000 34 1 6 4
NETGEAR19 2c-30-33-e9-46-d5-00-00 -76 2422000 48 1 7 4
RRL-TB-wifi 74-da-da-ad-be-fa-00-00 -78 5785000 44 1 7 4
RRL-TB-wifi2 74-da-da-ad-be-f9-00-00 -59 2427000 82 1 7 4
eduroam 00-f6-63-6f-da-ae-00-00 -74 5260000 52 1 6 4
umd 00-f6-63-a3-03-bf-00-00 -78 5260000 44 0 1 0
umd-guest 00-81-c4-14-03-2b-00-00 -81 5260000 38 0 1 0
umd-secure 00-f6-63-d9-bc-fd-00-00 -68 5260000 64 1 6 4
umd-util2 00-f6-63-6f-da-ac-00-00 -71 5260000 58 1 7 4
xraytest 00-2c-c8-d6-29-00-00-00 -79 2412000 42 1 7 4
0.705917 0.628763 12
CPS 10-7b-44-56-83-d8-00-00 -71 2437000 58 1 7 4
DroneLab 8c-3b-ad-aa-55-b7-00-00 -87 2447000 26 1 7 4
MOJO-----secure 00-11-74-8e-de-a0-00-00 -83 5180000 34 1 6 4
RRL-TB-wifi 74-da-da-ad-be-fa-00-00 -82 5785000 36 1 7 4
RRL-TB-wifi2 74-da-da-ad-be-f9-00-00 -62 2427000 76 1 7 4
SETUP ee-1e-68-f2-8f-29-00-00 -86 2462000 28 0 1 0
eduroam 00-2a-10-1b-b0-0e-00-00 -79 5785000 42 1 6 4
umd 00-2a-10-1b-b0-0f-00-00 -79 5785000 42 0 1 0
umd-guest 00-2a-10-1b-b0-0b-00-00 -80 5785000 40 0 1 0
umd-secure 00-2a-10-5b-75-dd-00-00 -60 5320000 80 1 6 4
umd-util2 00-2a-10-1b-b0-0c-00-00 -80 5785000 40 1 7 4
xraytest 00-2c-c8-d6-29-0f-00-00 -88 5200000 18 1 7 4
0.727006 0.628763 12
CPS 10-7b-44-56-83-d8-00-00 -75 2437000 50 1 7 4
CPS_5G 10-7b-44-56-83-dc-00-00 -81 5200000 38 1 7 4
MOJO-----secure 00-11-74-8e-de-a0-00-00 -85 5180000 30 1 6 4
NETGEAR19 2c-30-33-e9-46-d5-00-00 -82 2422000 36 1 7 4
RRL-TB-wifi 74-da-da-ad-be-fa-00-00 -80 5785000 40 1 7 4
RRL-TB-wifi2 74-da-da-ad-be-f9-00-00 -67 2427000 66 1 7 4
eduroam 00-81-c4-14-03-2e-00-00 -80 5260000 40 1 6 4
umd 00-f6-63-d9-bc-ff-00-00 -73 5260000 54 0 1 0
umd-guest 00-81-c4-14-03-2b-00-00 -79 5260000 42 0 1 0
umd-secure 00-81-c4-14-03-2d-00-00 -79 5260000 42 1 6 4
umd-util2 00-81-c4-14-03-2c-00-00 -79 5260000 42 1 7 4
xraytest 00-2c-c8-d6-29-0f-00-00 -86 5200000 28 1 7 4
0.74048 0.625418 11
CPS 10-7b-44-56-83-d8-00-00 -72 2437000 56 1 7 4
CPS_5G 10-7b-44-56-83-dc-00-00 -79 5200000 42 1 7 4
MOJO-----secure 00-11-74-8e-f5-f0-00-00 -77 2437000 46 1 6 4
RRL-TB-wifi 74-da-da-ad-be-fa-00-00 -80 5785000 40 1 7 4
RRL-TB-wifi2 74-da-da-ad-be-f9-00-00 -78 2427000 44 1 7 4
eduroam 00-2a-10-1b-b0-0e-00-00 -82 5785000 36 1 6 4
umd 00-2a-10-1b-b0-0f-00-00 -81 5785000 38 0 1 0
umd-guest 00-2a-10-1b-b0-0b-00-00 -80 5785000 40 0 1 0
umd-secure 00-2a-10-5b-75-dd-00-00 -68 5320000 64 1 6 4
umd-util2 00-2a-10-1b-b0-0c-00-00 -81 5785000 38 1 7 4
xraytest 00-2c-c8-d6-29-0f-00-00 -82 5200000 36 1 7 4
0.737551 0.598662 12
CPS 10-7b-44-56-83-d8-00-00 -81 2437000 38 1 7 4
MOJO-----secure 00-11-74-8e-de-b0-00-00 -78 2437000 44 1 6 4
NETGEAR04 8c-3b-ad-eb-59-d7-00-00 -86 2457000 28 1 7 4
NETGEAR19 2c-30-33-e9-46-d5-00-00 -77 2422000 46 1 7 4
RRL-TB-wifi 74-da-da-ad-be-fa-00-00 -77 5785000 46 1 7 4
RRL-TB-wifi2 74-da-da-ad-be-f9-00-00 -67 2427000 66 1 7 4
SETUP ee-1e-68-f2-8f-29-00-00 -86 2462000 28 0 1 0
eduroam 00-2a-10-5b-7a-7e-00-00 -82 5745000 36 1 6 4
umd 00-2a-10-5b-7a-7f-00-00 -82 5745000 36 0 1 0
umd-guest 00-2a-10-5b-7a-7b-00-00 -82 5745000 36 0 1 0
umd-secure 00-81-c4-14-03-22-00-00 -62 2462000 76 1 6 4
umd-util2 00-2a-10-5b-7a-7c-00-00 -82 5745000 36 1 7 4
0.753368 0.628763 9
CPS 10-7b-44-56-83-d8-00-00 -71 2437000 58 1 7 4
CPS_5G 10-7b-44-56-83-dc-00-00 -80 5200000 40 1 7 4
MOJO-----secure 00-11-74-8e-de-b0-00-00 -83 2437000 34 1 6 4
RRL-TB-wifi2 74-da-da-ad-be-f9-00-00 -75 2427000 50 1 7 4
eduroam 00-2a-10-1b-b0-0e-00-00 -86 5785000 28 1 6 4
umd 00-2a-10-1b-b0-0f-00-00 -81 5785000 38 0 1 0
umd-guest 00-2a-10-1b-b0-0b-00-00 -85 5785000 30 0 1 0
umd-secure 00-81-c4-14-03-22-00-00 -68 2462000 64 1 6 4
umd-util2 00-2a-10-1b-b0-0c-00-00 -85 5785000 30 1 7 4
0.774458 0.629877 11
CPS 10-7b-44-56-83-d8-00-00 -65 2437000 70 1 7 4
CPS_5G 10-7b-44-56-83-dc-00-00 -75 5200000 50 1 7 4
Lab TV.v fa-8f-ca-51-2a-25-00-00 -90 2437000 14 0 1 0
MOJO-----secure 00-11-74-8e-f5-e0-00-00 -83 5805000 34 1 6 4
RRL-TB-wifi2 74-da-da-ad-be-f9-00-00 -76 2427000 48 1 7 4
SETUP ee-1e-68-f2-8f-29-00-00 -82 2462000 36 0 1 0
eduroam 00-f6-63-a3-03-be-00-00 -84 5260000 32 1 6 4
umd 00-81-c4-14-03-2f-00-00 -70 5260000 60 0 1 0
umd-guest 00-f6-63-a3-03-bb-00-00 -84 5260000 32 0 1 0
umd-secure 00-f6-63-a3-03-bd-00-00 -84 5260000 32 1 6 4
umd-util2 00-f6-63-a3-03-bc-00-00 -85 5260000 30 1 7 4
0.792619 0.627648 13
Bspace 00-26-f2-c2-64-8e-00-00 -85 2462000 30 1 7 4
CPS 10-7b-44-56-83-d8-00-00 -59 2437000 82 1 7 4
CPS_5G 10-7b-44-56-83-dc-00-00 -72 5200000 56 1 7 4
Lab TV.v fa-8f-ca-51-2a-25-00-00 -85 2437000 30 0 1 0
MOJO-----secure 00-11-74-8e-f5-f0-00-00 -76 2437000 48 1 6 4
RRL-TB-wifi2 74-da-da-ad-be-f9-00-00 -76 2427000 48 1 7 4
SETUP ee-1e-68-f2-8f-29-00-00 -73 2462000 54 0 1 0
eduroam 84-3d-c6-6e-56-ee-00-00 -79 5805000 42 1 6 4
umd 84-3d-c6-6e-56-ef-00-00 -78 5805000 44 0 1 0
umd-guest 84-3d-c6-6e-56-eb-00-00 -79 5805000 42 0 1 0
umd-secure 00-81-c4-14-03-22-00-00 -56 2462000 88 1 6 4
umd-util2 84-3d-c6-6e-56-ec-00-00 -79 5805000 42 1 7 4
xraytest 00-2c-c8-d6-29-0f-00-00 -82 5200000 36 1 7 4
0.792033 0.613155 12
Bspace 00-26-f2-c2-64-8e-00-00 -81 2462000 38 1 7 4
CPS 10-7b-44-56-83-d8-00-00 -64 2437000 72 1 7 4
CPS_5G 10-7b-44-56-83-dc-00-00 -72 5200000 56 1 7 4
Lab TV.v fa-8f-ca-51-2a-25-00-00 -85 2437000 30 0 1 0
NETGEAR_Guest1 02-26-f2-c2-64-8f-00-00 -82 2462000 36 0 1 0
RRL-TB-wifi2 74-da-da-ad-be-f9-00-00 -75 2427000 50 1 7 4
SETUP ee-1e-68-f2-8f-29-00-00 -73 2462000 54 0 1 0
eduroam 00-2a-10-38-e6-8e-00-00 -82 5260000 36 1 6 4
umd 00-f6-63-d9-bc-ff-00-00 -80 5260000 40 0 1 0
umd-guest 00-f6-63-6f-da-ab-00-00 -84 5260000 32 0 1 0
umd-secure 00-f6-63-6f-da-ad-00-00 -83 5260000 34 1 6 4
umd-util2 00-f6-63-6f-da-ac-00-00 -84 5260000 32 1 7 4
0.792033 0.594203 12
Bspace 00-26-f2-c2-64-8e-00-00 -83 2462000 34 1 7 4
CPS 10-7b-44-56-83-d8-00-00 -66 2437000 68 1 7 4
CPS_5G 10-7b-44-56-83-dc-00-00 -74 5200000 52 1 7 4
Lab TV.v fa-8f-ca-51-2a-25-00-00 -84 2437000 32 0 1 0
NETGEAR19 2c-30-33-e9-46-d5-00-00 -82 2422000 36 1 7 4
RRL-TB-wifi2 74-da-da-ad-be-f9-00-00 -69 2427000 62 1 7 4
SETUP ee-1e-68-f2-8f-29-00-00 -72 2462000 56 0 1 0
eduroam 84-3d-c6-6e-56-ee-00-00 -75 5805000 50 1 6 4
umd 84-3d-c6-6e-56-ef-00-00 -75 5805000 50 0 1 0
umd-guest 84-3d-c6-6e-56-eb-00-00 -75 5805000 50 0 1 0
umd-secure 00-81-c4-14-03-22-00-00 -53 2462000 94 1 6 4
umd-util2 84-3d-c6-6e-56-ec-00-00 -74 5805000 52 1 7 4
0.790275 0.571906 14
 c0-c1-c0-f3-36-31-00-00 -72 2437000 56 1 7 2
Bspace 00-26-f2-c2-64-8e-00-00 -79 2462000 42 1 7 4
CPS 10-7b-44-56-83-d8-00-00 -68 2437000 64 1 7 4
CPS_5G 10-7b-44-56-83-dc-00-00 -79 5200000 42 1 7 4
Lab TV.v fa-8f-ca-51-2a-25-00-00 -83 2437000 34 0 1 0
NETGEAR_Guest1 02-26-f2-c2-64-8f-00-00 -80 2462000 40 0 1 0
RRL-TB-wifi 74-da-da-ad-be-fa-00-00 -79 5785000 42 1 7 4
RRL-TB-wifi2 74-da-da-ad-be-f9-00-00 -64 2427000 72 1 7 4
SETUP ee-1e-68-f2-8f-29-00-00 -65 2462000 70 0 1 0
eduroam 84-3d-c6-6e-56-ee-00-00 -71 5805000 58 1 6 4
umd 84-3d-c6-6e-56-ef-00-00 -72 5805000 56 0 1 0
umd-guest 84-3d-c6-6e-56-eb-00-00 -72 5805000 56 0 1 0
umd-secure 00-81-c4-14-03-22-00-00 -44 2462000 100 1 6 4
umd-util2 84-3d-c6-6e-56-ec-00-00 -71 5805000 58 1 7 4
0.790275 0.552954 15
 c0-c1-c0-f3-36-31-00-00 -82 2437000 36 1 7 2
Bspace 00-26-f2-c2-64-8e-00-00 -70 2462000 60 1 7 4
CPS 10-7b-44-56-83-d8-00-00 -62 2437000 76 1 7 4
CPS_5G 10-7b-44-56-83-dc-00-00 -78 5200000 44 1 7 4
Lab TV.v fa-8f-ca-51-2a-25-00-00 -85 2437000 30 0 1 0
NETGEAR19 2c-30-33-e9-46-d5-00-00 -79 2422000 42 1 7 4
NETGEAR_Guest1 02-26-f2-c2-64-8f-00-00 -66 2462000 68 0 1 0
RRL-TB-wifi 74-da-da-ad-be-fa-00-00 -80 5785000 40 1 7 4
RRL-TB-wifi2 74-da-da-ad-be-f9-00-00 -76 2427000 48 1 7 4
SETUP ee-1e-68-f2-8f-29-00-00 -61 2462000 78 0 1 0
eduroam 84-3d-c6-6e-56-ee-00-00 -68 5805000 64 1 6 4
umd 84-3d-c6-6e-56-ef-00-00 -68 5805000 64 0 1 0
umd-guest 84-3d-c6-6e-56-eb-00-00 -68 5805000 64 0 1 0
umd-secure 00-81-c4-14-03-22-00-00 -37 2462000 100 1 6 4
umd-util2 84-3d-c6-6e-56-ec-00-00 -68 5805000 64 1 7 4
0.791447 0.531773 13
Bspace 00-26-f2-c2-64-8e-00-00 -83 2462000 34 1 7 4
CPS 10-7b-44-56-83-d8-00-00 -67 2437000 66 1 7 4
CPS_5G 10-7b-44-56-83-dc-00-00 -78 5200000 44 1 7 4
HP-Print-F2-Photosmart 7520 88-51-fb-fd-12-f2-00-00 -84 2437000 32 1 7 4
Lab TV.v fa-8f-ca-51-2a-25-00-00 -83 2437000 34 0 1 0
NETGEAR_Guest1 02-26-f2-c2-64-8f-00-00 -85 2462000 30 0 1 0
RRL-TB-wifi2 74-da-da-ad-be-f9-00-00 -78 2427000 44 1 7 4
SETUP ee-1e-68-f2-8f-29-00-00 -64 2462000 72 0 1 0
eduroam 00-2a-10-5b-5d-3e-00-00 -82 5260000 36 1 6 4
umd 00-2a-10-5b-5d-3f-00-00 -82 5260000 36 0 1 0
umd-guest 00-2a-10-5b-5d-3b-00-00 -81 5260000 38 0 1 0
umd-secure 00-2a-10-5b-5d-3d-00-00 -81 5260000 38 1 6 4
umd-util2 00-2a-10-5b-5d-3c-00-00 -84 5260000 32 1 7 4
0.791447 0.505017 16
 c0-c1-c0-f3-36-31-00-00 -65 2437000 70 1 7 2
Bspace 00-26-f2-c2-64-8e-00-00 -81 2462000 38 1 7 4
CPS 10-7b-44-56-83-d8-00-00 -72 2437000 56 1 7 4
CPS_5G 10-7b-44-56-83-dc-00-00 -81 5200000 38 1 7 4
HP-Print-F2-Photosmart 7520 88-51-fb-fd-12-f2-00-00 -84 2437000 32 1 7 4
Lab TV.v fa-8f-ca-51-2a-25-00-00 -85 2437000 30 0 1 0
NETGEAR19 2c-30-33-e9-46-d5-00-00 -76 2422000 48 1 7 4
NETGEAR_Guest1 02-26-f2-c2-64-8f-00-00 -87 2462000 26 0 1 0
RRL-TB-wifi 74-da-da-ad-be-fa-00-00 -81 5785000 38 1 7 4
RRL-TB-wifi2 74-da-da-ad-be-f9-00-00 -74 2427000 52 1 7 4
SETUP ee-1e-68-f2-8f-29-00-00 -59 2462000 82 0 1 0
eduroam 84-3d-c6-6e-56-ee-00-00 -64 5805000 72 1 6 4
umd 84-3d-c6-6e-56-ef-00-00 -64 5805000 72 0 1 0
umd-guest 84-3d-c6-6e-56-eb-00-00 -64 5805000 72 0 1 0
umd-secure 00-81-c4-14-03-22-00-00 -48 2462000 100 1 6 4
umd-util2 84-3d-c6-6e-56-ec-00-00 -64 5805000 72 1 7 4
0.790275 0.470457 14
 c0-c1-c0-f3-36-31-00-00 -81 2437000 38 1 7 2
Bspace 00-26-f2-c2-64-8e-00-00 -85 2462000 30 1 7 4
CPS_5G 10-7b-44-56-83-dc-00-00 -88 5200000 18 1 7 4
HP-Print-F2-Photosmart 7520 88-51-fb-fd-12-f2-00-00 -81 2437000 38 1 7 4
Lab TV.v fa-8f-ca-51-2a-25-00-00 -87 2437000 26 0 1 0
NETGEAR19 2c-30-33-e9-46-d5-00-00 -83 2422000 34 1 7 4
NETGEAR_Guest1 02-26-f2-c2-64-8f-00-00 -88 2462000 18 0 1 0
RRL-TB-wifi2 74-da-da-ad-be-f9-00-00 -72 2427000 56 1 7 4
SETUP ee-1e-68-f2-8f-29-00-00 -56 2462000 88 0 1 0
eduroam 84-3d-c6-6e-56-ee-00-00 -63 5805000 74 1 6 4
umd 84-3d-c6-6e-56-ef-00-00 -63 5805000 74 0 1 0
umd-guest 84-3d-c6-6e-56-eb-00-00 -64 5805000 72 0 1 0
umd-secure 00-81-c4-14-03-22-00-00 -50 2462000 100 1 6 4
umd-util2 84-3d-c6-6e-56-ec-00-00 -63 5805000 74 1 7 4
0.790861 0.45262 14
 c0-c1-c0-f3-36-31-00-00 -62 2437000 76 1 7 2
Bspace 00-26-f2-c2-64-8e-00-00 -85 2462000 30 1 7 4
CPS 10-7b-44-56-83-d8-00-00 -80 2437000 40 1 7 4
HP-Print-F2-Photosmart 7520 88-51-fb-fd-12-f2-00-00 -79 2437000 42 1 7 4
Lab TV.v fa-8f-ca-51-2a-25-00-00 -87 2437000 26 0 1 0
NETGEAR19 2c-30-33-e9-46-d5-00-00 -75 2422000 50 1 7 4
NETGEAR_Guest1 02-26-f2-c2-64-8f-00-00 -83 2462000 34 0 1 0
RRL-TB-wifi2 74-da-da-ad-be-f9-00-00 -68 2427000 64 1 7 4
SETUP ee-1e-68-f2-8f-29-00-00 -61 2462000 78 0 1 0
eduroam 84-3d-c6-6e-56-ee-00-00 -68 5805000 64 1 6 4
umd 84-3d-c6-6e-56-ef-00-00 -68 5805000 64 0 1 0
umd-guest 84-3d-c6-6e-56-eb-00-00 -68 5805000 64 0 1 0
umd-secure 00-81-c4-14-03-22-00-00 -54 2462000 92 1 6 4
umd-util2 84-3d-c6-6e-56-ec-00-00 -68 5805000 64 1 7 4
0.791447 0.434783 12
 c0-c1-c0-f3-36-31-00-00 -58 2437000 84 1 7 2
CPS 10-7b-44-56-83-d8-00-00 -81 2437000 38 1 7 4
CPS_5G 10-7b-44-56-83-dc-00-00 -89 5200000 16 1 7 4
HP-Print-F2-Photosmart 7520 88-51-fb-fd-12-f2-00-00 -86 2437000 28 1 7 4
Lab TV.v fa-8f-ca-51-2a-25-00-00 -87 2437000 26 0 1 0
RRL-TB-wifi2 74-da-da-ad-be-f9-00-00 -81 2427000 38 1 7 4
SETUP ee-1e-68-f2-8f-29-00-00 -55 2462000 90 0 1 0
eduroam 00-81-c4-14-03-2e-00-00 -64 5260000 72 1 6 4
umd 00-81-c4-14-03-2f-00-00 -64 5260000 72 0 1 0
umd-guest 00-81-c4-14-03-2b-00-00 -64 5260000 72 0 1 0
umd-secure 00-2a-10-5b-5d-3d-00-00 -67 5260000 66 1 6 4
umd-util2 00-2a-10-5b-5d-3c-00-00 -67 5260000 66 1 7 4
0.790861 0.419175 14
 c0-c1-c0-f3-36-31-00-00 -83 2437000 34 1 7 2
CPS 10-7b-44-56-83-d8-00-00 -80 2437000 40 1 7 4
CPS_5G 10-7b-44-56-83-dc-00-00 -90 5200000 14 1 7 4
HP-Print-F2-Photosmart 7520 88-51-fb-fd-12-f2-00-00 -81 2437000 38 1 7 4
Lab TV.v fa-8f-ca-51-2a-25-00-00 -89 2437000 16 0 1 0
NETGEAR19 2c-30-33-e9-46-d5-00-00 -79 2422000 42 1 7 4
RRL-TB-wifi 74-da-da-ad-be-fa-00-00 -88 5785000 18 1 7 4
RRL-TB-wifi2 74-da-da-ad-be-f9-00-00 -66 2427000 68 1 7 4
SETUP ee-1e-68-f2-8f-29-00-00 -59 2462000 82 0 1 0
eduroam 84-3d-c6-6e-56-ee-00-00 -73 5805000 54 1 6 4
umd 84-3d-c6-6e-56-ef-00-00 -72 5805000 56 0 1 0
umd-guest 84-3d-c6-6e-56-eb-00-00 -73 5805000 54 0 1 0
umd-secure 00-81-c4-14-03-22-00-00 -56 2462000 88 1 6 4
umd-util2 84-3d-c6-6e-56-ec-00-00 -73 5805000 54 1 7 4
0.790861 0.399108 11
 c0-c1-c0-f3-36-31-00-00 -52 2437000 96 1 7 2
Lab TV.v fa-8f-ca-51-2a-25-00-00 -88 2437000 18 0 1 0
NETGEAR19 2c-30-33-e9-46-d5-00-00 -80 2422000 40 1 7 4
RRL-TB-wifi 74-da-da-ad-be-fa-00-00 -88 5785000 18 1 7 4
RRL-TB-wifi2 74-da-da-ad-be-f9-00-00 -62 2427000 76 1 7 4
SETUP ee-1e-68-f2-8f-29-00-00 -58 2462000 84 0 1 0
eduroam 00-2a-10-5b-5d-3e-00-00 -70 5260000 60 1 6 4
umd 00-2a-10-5b-5d-3f-00-00 -71 5260000 58 0 1 0
umd-guest 00-2a-10-5b-5d-3b-00-00 -71 5260000 58 0 1 0
umd-secure 00-2a-10-5b-5d-3d-00-00 -71 5260000 58 1 6 4
umd-util2 00-2a-10-5b-5d-3c-00-00 -70 5260000 60 1 7 4
0.792033 0.6466 11
Bspace 00-26-f2-c2-64-8e-00-00 -85 2462000 30 1 7 4
CPS 10-7b-44-56-83-d8-00-00 -63 2437000 74 1 7 4
CPS_5G 10-7b-44-56-83-dc-00-00 -73 5200000 54 1 7 4
MOJO-----secure 00-11-74-8e-f5-f0-00-00 -75 2437000 50 1 6 4
NETGEAR_Guest1 02-26-f2-c2-64-8f-00-00 -82 2462000 36 0 1 0
SETUP ee-1e-68-f2-8f-29-00-00 -79 2462000 42 0 1 0
eduroam 84-3d-c6-6e-56-ee-00-00 -79 5805000 42 1 6 4
umd 84-3d-c6-6e-56-ef-00-00 -79 5805000 42 0 1 0
umd-guest 84-3d-c6-6e-56-eb-00-00 -78 5805000 44 0 1 0
umd-secure 00-81-c4-14-03-22-00-00 -61 2462000 78 1 6 4
umd-util2 84-3d-c6-6e-56-ec-00-00 -79 5805000 42 1 7 4
0.789104 0.677815 11
Bspace 00-26-f2-c2-64-8e-00-00 -82 2462000 36 1 7 4
CPS 10-7b-44-56-83-d8-00-00 -72 2437000 56 1 7 4
CPS_5G 10-7b-44-56-83-dc-00-00 -74 5200000 52 1 7 4
MOJO-----secure 00-11-74-8e-f5-f0-00-00 -74 2437000 52 1 6 4
RRL-TB-wifi2 74-da-da-ad-be-f9-00-00 -82 2427000 36 1 7 4
SETUP ee-1e-68-f2-8f-29-00-00 -77 2462000 46 0 1 0
eduroam 00-81-c4-14-03-2e-00-00 -70 5260000 60 1 6 4
umd 84-3d-c6-6e-56-ef-00-00 -83 5805000 34 0 1 0
umd-guest 00-f6-63-6f-da-ab-00-00 -75 5260000 50 0 1 0
umd-secure 00-81-c4-14-03-2d-00-00 -73 5260000 54 1 6 4
umd-util2 00-f6-63-6f-da-ac-00-00 -74 5260000 52 1 7 4
0.791447 0.705686 11
 c0-c1-c0-f3-36-31-00-00 -83 2437000 34 1 7 2
CPS 10-7b-44-56-83-d8-00-00 -73 2437000 54 1 7 4
CPS_5G 10-7b-44-56-83-dc-00-00 -77 5200000 46 1 7 4
MOJO-----secure 00-11-74-8e-f5-e0-00-00 -87 5805000 26 1 6 4
RRL-TB-wifi2 74-da-da-ad-be-f9-00-00 -79 2427000 42 1 7 4
SETUP ee-1e-68-f2-8f-29-00-00 -83 2462000 34 0 1 0
eduroam 84-3d-c6-6e-56-ee-00-00 -84 5805000 32 1 6 4
umd 84-3d-c6-6e-56-ef-00-00 -86 5805000 28 0 1 0
umd-guest 84-3d-c6-6e-56-eb-00-00 -84 5805000 32 0 1 0
umd-secure 00-81-c4-14-03-22-00-00 -66 2462000 68 1 6 4
umd-util2 84-3d-c6-6e-56-ec-00-00 -84 5805000 32 1 7 4
0.790275 0.729097 10
 c0-c1-c0-f3-36-31-00-00 -86 2437000 28 1 7 2
Bspace 00-26-f2-c2-64-8e-00-00 -91 2462000 12 1 7 4
CPS 10-7b-44-56-83-d8-00-00 -71 2437000 58 1 7 4
MOJO-----secure 00-11-74-8e-f5-f0-00-00 -83 2437000 34 1 6 4
SETUP ee-1e-68-f2-8f-29-00-00 -83 2462000 34 0 1 0
eduroam 00-f6-63-66-72-9e-00-00 -68 5765000 64 1 6 4
umd 00-f6-63-66-72-9f-00-00 -68 5765000 64 0 1 0
umd-guest 00-2a-10-1b-b0-0b-00-00 -89 5785000 16 0 1 0
umd-secure 00-81-c4-14-03-22-00-00 -71 2462000 58 1 6 4
umd-util2 00-2a-10-1b-b0-0c-00-00 -88 5785000 18 1 7 4
0.790275 0.750279 5
eduroam 00-2a-10-5b-75-de-00-00 -77 5320000 46 1 6 4
umd 00-f6-63-6f-dc-90-00-00 -79 2412000 42 0 1 0
umd-guest 00-2a-10-5b-75-db-00-00 -77 5320000 46 0 1 0
umd-secure 00-f6-63-66-72-92-00-00 -54 2412000 92 1 6 4
umd-util2 00-2a-10-5b-75-dc-00-00 -77 5320000 46 1 7 4
0.790275 0.770346 9
 c0-c1-c0-f3-36-31-00-00 -84 2437000 32 1 7 2
CPS 10-7b-44-56-83-d8-00-00 -76 2437000 48 1 7 4
CPS_5G 10-7b-44-56-83-dc-00-00 -81 5200000 38 1 7 4
MOJO-----secure 00-11-74-8e-95-20-00-00 -87 5220000 26 1 6 4
eduroam 00-2a-10-1b-b0-0e-00-00 -82 5785000 36 1 6 4
umd 00-2a-10-1b-b0-0f-00-00 -88 5785000 18 0 1 0
umd-guest 00-2a-10-1b-b0-0b-00-00 -88 5785000 18 0 1 0
umd-secure 00-f6-63-66-72-92-00-00 -51 2412000 98 1 6 4
umd-util2 00-2a-10-1b-b0-0c-00-00 -88 5785000 18 1 7 4
0.790275 0.788183 9
CPS 10-7b-44-56-83-d8-00-00 -72 2437000 56 1 7 4
CPS_5G 10-7b-44-56-83-dc-00-00 -83 5200000 34 1 7 4
MOJO-----secure 00-11-74-8e-95-20-00-00 -85 5220000 30 1 6 4
SETUP ee-1e-68-f2-8f-29-00-00 -86 2462000 28 0 1 0
eduroam 00-2a-10-38-e6-8e-00-00 -71 5260000 58 1 6 4
umd 00-2a-10-1b-b0-0f-00-00 -76 5785000 48 0 1 0
umd-guest 00-2a-10-38-e6-8b-00-00 -71 5260000 58 0 1 0
umd-secure 00-2a-10-38-e6-8d-00-00 -71 5260000 58 1 6 4
umd-util2 00-2a-10-38-e6-8c-00-00 -71 5260000 58 1 7 4
0.805507 0.788183 8
CPS 10-7b-44-56-83-d8-00-00 -74 2437000 52 1 7 4
MOJO-----secure 00-11-74-8e-95-20-00-00 -84 5220000 32 1 6 4
NETGEAR19 2c-30-33-e9-46-d5-00-00 -86 2422000 28 1 7 4
eduroam 00-2a-10-1b-b0-0e-00-00 -80 5785000 40 1 6 4
umd 00-2a-10-1b-b0-0f-00-00 -79 5785000 42 0 1 0
umd-guest 00-2a-10-1b-b0-0b-00-00 -80 5785000 40 0 1 0
umd-secure 00-f6-63-66-72-92-00-00 -54 2412000 92 1 6 4
umd-util2 00-2a-10-1b-b0-0c-00-00 -79 5785000 42 1 7 4
0.820738 0.787068 7
CPS 10-7b-44-56-83-d8-00-00 -74 2437000 52 1 7 4
MOJO-----secure 00-11-74-8e-95-20-00-00 -85 5220000 30 1 6 4
eduroam 00-f6-63-66-72-9e-00-00 -77 5765000 46 1 6 4
umd 00-f6-63-66-72-9f-00-00 -76 5765000 48 0 1 0
umd-guest 00-f6-63-66-72-9b-00-00 -76 5765000 48 0 1 0
umd-secure 00-f6-63-66-72-92-00-00 -64 2412000 72 1 6 4
umd-util2 00-f6-63-66-72-9c-00-00 -76 5765000 48 1 7 4
0.838313 0.790412 7
CPS 10-7b-44-56-83-d8-00-00 -75 2437000 50 1 7 4
MOJO-----secure 00-11-74-8e-95-30-00-00 -81 2412000 38 1 6 4
eduroam 00-2a-10-1b-b0-0e-00-00 -79 5785000 42 1 6 4
umd 00-2a-10-1b-b0-0f-00-00 -78 5785000 44 0 1 0
umd-guest 00-2a-10-1b-b0-0b-00-00 -80 5785000 40 0 1 0
umd-secure 00-f6-63-66-72-92-00-00 -69 2412000 62 1 6 4
umd-util2 00-2a-10-1b-b0-0c-00-00 -79 5785000 42 1 7 4
0.860574 0.791527 8
CPS 10-7b-44-56-83-d8-00-00 -72 2437000 56 1 7 4
CPS_5G 10-7b-44-56-83-dc-00-00 -74 5200000 52 1 7 4
MOJO-----secure 00-11-74-8d-7d-d0-00-00 -86 2437000 28 1 6 4
eduroam 00-f6-63-6f-da-ae-00-00 -77 5260000 46 1 6 4
umd 00-f6-63-d9-c2-6f-00-00 -74 5260000 52 0 1 0
umd-guest 00-f6-63-6f-da-ab-00-00 -77 5260000 46 0 1 0
umd-secure 00-f6-63-6f-da-ad-00-00 -76 5260000 48 1 6 4
umd-util2 00-f6-63-6f-da-ac-00-00 -77 5260000 46 1 7 4
0.876391 0.790412 8
CPS 10-7b-44-56-83-d8-00-00 -69 2437000 62 1 7 4
CPS_5G 10-7b-44-56-83-dc-00-00 -77 5200000 46 1 7 4
MOJO-----secure 00-11-74-8d-7d-c0-00-00 -82 5240000 36 1 6 4
eduroam 00-2a-10-1b-b0-0e-00-00 -80 5785000 40 1 6 4
umd 00-2a-10-1b-b0-0f-00-00 -80 5785000 40 0 1 0
umd-guest 00-2a-10-1b-b0-0b-00-00 -83 5785000 34 0 1 0
umd-secure 00-2a-10-38-e6-82-00-00 -62 2462000 76 1 6 4
umd-util2 00-2a-10-1b-b0-0c-00-00 -82 5785000 36 1 7 4
0.906268 0.788183 8
CPS 10-7b-44-56-83-d8-00-00 -73 2437000 54 1 7 4
CPS_5G 10-7b-44-56-83-dc-00-00 -78 5200000 44 1 7 4
MOJO-----secure 00-11-74-8d-7d-c0-00-00 -82 5240000 36 1 6 4
eduroam 00-2a-10-1b-b0-0e-00-00 -81 5785000 38 1 6 4
umd 00-f6-63-70-91-9f-00-00 -73 5785000 54 0 1 0
umd-guest 00-2a-10-1b-b0-0b-00-00 -80 5785000 40 0 1 0
umd-secure 00-2a-10-38-e6-82-00-00 -67 2462000 66 1 6 4
umd-util2 00-2a-10-1b-b0-0c-00-00 -81 5785000 38 1 7 4
0.925015 0.790412 7
CPS 10-7b-44-56-83-d8-00-00 -68 2437000 64 1 7 4
MOJO-----secure 00-11-74-8d-7d-c0-00-00 -83 5240000 34 1 6 4
eduroam 1c-1d-86-34-08-ce-00-00 -87 5785000 26 1 6 4
umd 00-2a-10-1b-b0-0f-00-00 -85 5785000 30 0 1 0
umd-guest 00-2a-10-1b-b0-0b-00-00 -81 5785000 38 0 1 0
umd-secure 00-2a-10-38-e6-82-00-00 -71 2462000 58 1 6 4
umd-util2 00-2a-10-1b-b0-0c-00-00 -81 5785000 38 1 7 4
0.942589 0.790412 7
CPS 10-7b-44-56-83-d8-00-00 -75 2437000 50 1 7 4
MOJO-----secure 00-11-74-8d-7d-c0-00-00 -83 5240000 34 1 6 4
eduroam 00-f6-63-d9-c2-6e-00-00 -69 5260000 62 1 6 4
umd 00-f6-63-d9-c2-6f-00-00 -69 5260000 62 0 1 0
umd-guest 00-2a-10-38-e6-8b-00-00 -77 5260000 46 0 1 0
umd-secure 00-2a-10-38-e6-8d-00-00 -75 5260000 50 1 6 4
umd-util2 00-2a-10-38-e6-8c-00-00 -75 5260000 50 1 7 4
0.773872 0.789298 9
CPS 10-7b-44-56-83-d8-00-00 -75 2437000 50 1 7 4
CPS_5G 10-7b-44-56-83-dc-00-00 -81 5200000 38 1 7 4
MOJO-----secure 00-11-74-8e-95-20-00-00 -88 5220000 18 1 6 4
SETUP ee-1e-68-f2-8f-29-00-00 -88 2462000 18 0 1 0
eduroam 00-2a-10-1b-b0-0e-00-00 -78 5785000 44 1 6 4
umd 00-2a-10-1b-b0-0f-00-00 -77 5785000 46 0 1 0
umd-guest 00-2a-10-1b-b0-0b-00-00 -79 5785000 42 0 1 0
umd-secure 00-2a-10-38-e6-82-00-00 -55 2462000 90 1 6 4
umd-util2 00-2a-10-1b-b0-0c-00-00 -78 5785000 44 1 7 4
0.755712 0.791527 8
CPS 10-7b-44-56-83-d8-00-00 -75 2437000 50 1 7 4
MOJO-----secure 00-11-74-8c-99-d0-00-00 -85 2462000 30 1 6 4
RRL-TB-wifi2 74-da-da-ad-be-f9-00-00 -82 2427000 36 1 7 4
eduroam 00-2a-10-1b-b0-0e-00-00 -74 5785000 52 1 6 4
umd 00-2a-10-1b-b0-0f-00-00 -75 5785000 50 0 1 0
umd-guest 00-2a-10-1b-b0-0b-00-00 -74 5785000 52 0 1 0
umd-secure 00-2a-10-38-e6-82-00-00 -57 2462000 86 1 6 4
umd-util2 00-2a-10-1b-b0-0c-00-00 -74 5785000 52 1 7 4
0.73638 0.788183 8
CPS 10-7b-44-56-83-d8-00-00 -77 2437000 46 1 7 4
CPS_5G 10-7b-44-56-83-dc-00-00 -83 5200000 34 1 7 4
MOJO-----secure 00-11-74-8e-93-e0-00-00 -83 2462000 34 1 6 4
eduroam 00-2a-10-1b-b0-0e-00-00 -74 5785000 52 1 6 4
umd 00-2a-10-1b-b0-0f-00-00 -75 5785000 50 0 1 0
umd-guest 00-2a-10-1b-b0-0b-00-00 -75 5785000 50 0 1 0
umd-secure 00-2a-10-38-e6-82-00-00 -61 2462000 78 1 6 4
umd-util2 00-2a-10-1b-b0-0c-00-00 -74 5785000 52 1 7 4
0.710603 0.790412 8
Bill Clinton 88-1f-a1-42-e6-bc-00-00 -74 2462000 52 1 7 4
CPS_5G 10-7b-44-56-83-dc-00-00 -87 5200000 26 1 7 4
MOJO-----secure 00-11-74-8e-93-e0-00-00 -73 2462000 54 1 6 4
eduroam 00-2a-10-38-e6-8e-00-00 -78 5260000 44 1 6 4
umd 00-2a-10-38-e6-8f-00-00 -80 5260000 40 0 1 0
umd-guest 00-f6-63-d9-dd-0b-00-00 -87 5260000 26 0 1 0
umd-secure 00-2a-10-38-e6-8d-00-00 -79 5260000 42 1 6 4
umd-util2 00-f6-63-a3-04-bc-00-00 -84 5260000 32 1 7 4
0.68717 0.789298 8
Bill Clinton 88-1f-a1-42-e6-bc-00-00 -84 2462000 32 1 7 4
MOJO-----secure 00-11-74-8e-93-e0-00-00 -82 2462000 36 1 6 4
RRL-TB-wifi2 74-da-da-ad-be-f9-00-00 -79 2427000 42 1 7 4
eduroam 00-2a-10-1b-b0-0e-00-00 -72 5785000 56 1 6 4
umd 00-2a-10-1b-b0-0f-00-00 -71 5785000 58 0 1 0
umd-guest 00-2a-10-1b-b0-0b-00-00 -71 5785000 58 0 1 0
umd-secure 00-2a-10-38-e6-82-00-00 -66 2462000 68 1 6 4
umd-util2 00-2a-10-1b-b0-0c-00-00 -71 5785000 58 1 7 4
0.677797 0.791527 8
CPS 10-7b-44-56-83-d8-00-00 -83 2437000 34 1 7 4
MOJO-----secure 00-11-74-8e-93-d0-00-00 -84 5200000 32 1 6 4
RRL-TB-wifi2 74-da-da-ad-be-f9-00-00 -75 2427000 50 1 7 4
eduroam 00-f6-63-a3-04-be-00-00 -78 5260000 44 1 6 4
umd 00-f6-63-a3-04-bf-00-00 -78 5260000 44 0 1 0
umd-guest 00-f6-63-d9-dd-0b-00-00 -85 5260000 30 0 1 0
umd-secure 00-f6-63-a3-03-bd-00-00 -81 5260000 38 1 6 4
umd-util2 00-f6-63-d9-dd-0c-00-00 -86 5260000 28 1 7 4
0.663152 0.791527 7
ISRDirPodWireless 9c-30-5b-46-eb-23-00-00 -85 2437000 30 0 1 0
MOJO-----secure 00-11-74-8c-9b-10-00-00 -80 5765000 40 1 6 4
eduroam 00-2a-10-1b-b0-0e-00-00 -63 5785000 74 1 6 4
umd 00-2a-10-1b-b0-0f-00-00 -64 5785000 72 0 1 0
umd-guest 00-2a-10-1b-b0-0b-00-00 -63 5785000 74 0 1 0
umd-secure 00-2a-10-38-e6-82-00-00 -73 2462000 54 1 6 4
umd-util2 00-2a-10-1b-b0-0c-00-00 -64 5785000 72 1 7 4
0.606327 0.787068 7
MOJO-----secure 00-11-74-8e-93-d0-00-00 -77 5200000 46 1 6 4
RRL-TB-wifi2 74-da-da-ad-be-f9-00-00 -78 2427000 44 1 7 4
eduroam 00-2a-10-1b-b0-0e-00-00 -52 5785000 96 1 6 4
umd 00-2a-10-1b-b0-0f-00-00 -51 5785000 98 0 1 0
umd-guest 00-2a-10-1b-b0-0b-00-00 -51 5785000 98 0 1 0
umd-secure 00-f6-63-70-7e-c2-00-00 -67 2462000 66 1 6 4
umd-util2 00-2a-10-1b-b0-0c-00-00 -51 5785000 98 1 7 4
0.62976 0.790412 1
umd-secure 2c-5a-0f-2a-d5-82-00-00 -84 2437000 32 1 6 4
0.586409 0.788183 7
ISRDirPodWireless 9c-30-5b-46-eb-23-00-00 -74 2437000 52 0 1 0
MOJO-----secure 00-11-74-8e-91-f0-00-00 -84 5240000 32 1 6 4
eduroam 00-2a-10-1b-b0-0e-00-00 -60 5785000 80 1 6 4
umd 00-2a-10-1b-b0-0f-00-00 -60 5785000 80 0 1 0
umd-guest 00-2a-10-1b-b0-0b-00-00 -60 5785000 80 0 1 0
umd-secure 00-2a-10-1b-b0-0d-00-00 -62 5785000 76 1 6 4
umd-util2 00-2a-10-1b-b0-0c-00-00 -60 5785000 80 1 7 4
0.570006 0.791527 8
ISRDirPodWireless 9c-30-5b-46-eb-23-00-00 -77 2437000 46 0 1 0
MOJO-----secure 00-11-74-8e-91-f0-00-00 -82 5240000 36 1 6 4
RRL-TB-wifi2 74-da-da-ad-be-f9-00-00 -74 2427000 52 1 7 4
eduroam 00-f6-63-a3-04-be-00-00 -76 5260000 48 1 6 4
umd 00-f6-63-a3-04-bf-00-00 -76 5260000 48 0 1 0
umd-guest 00-f6-63-a3-04-bb-00-00 -75 5260000 50 0 1 0
umd-secure 00-f6-63-a3-03-bd-00-00 -67 5260000 66 1 6 4
umd-util2 00-f6-63-a3-04-bc-00-00 -74 5260000 52 1 7 4
0.543644 0.790412 9
ISRDirPodWireless 9c-30-5b-46-eb-23-00-00 -75 2437000 50 0 1 0
MOJO-----secure 00-11-74-8e-96-d0-00-00 -87 5220000 26 1 6 4
NETGEAR19 2c-30-33-e9-46-d5-00-00 -73 2422000 54 1 7 4
RRL-TB-wifi2 74-da-da-ad-be-f9-00-00 -78 2427000 44 1 7 4
eduroam 00-81-c4-14-09-ce-00-00 -79 5805000 42 1 6 4
umd 00-81-c4-14-09-cf-00-00 -81 5805000 38 0 1 0
umd-guest 00-81-c4-14-09-cb-00-00 -81 5805000 38 0 1 0
umd-secure 00-2a-10-1b-b0-0d-00-00 -66 5785000 68 1 6 4
umd-util2 00-81-c4-14-09-cc-00-00 -85 5805000 30 1 7 4
0.528412 0.787068 9
ISRDirPodWireless 9c-30-5b-46-eb-23-00-00 -84 2437000 32 0 1 0
MOJO-----secure 00-11-74-8e-96-d0-00-00 -83 5220000 34 1 6 4
NETGEAR19 2c-30-33-e9-46-d5-00-00 -71 2422000 58 1 7 4
RRL-TB-wifi2 74-da-da-ad-be-f9-00-00 -83 2427000 34 1 7 4
eduroam 00-f6-63-6f-da-ae-00-00 -78 5260000 44 1 6 4
umd 00-f6-63-6f-da-af-00-00 -78 5260000 44 0 1 0
umd-guest 00-f6-63-a3-04-bb-00-00 -79 5260000 42 0 1 0
umd-secure 00-f6-63-6f-da-ad-00-00 -78 5260000 44 1 6 4
umd-util2 00-f6-63-a3-04-bc-00-00 -79 5260000 42 1 7 4
0.511424 0.789298 8
MOJO-----secure 00-11-74-8e-96-d0-00-00 -79 5220000 42 1 6 4
NETGEAR19 2c-30-33-e9-46-d5-00-00 -69 2422000 62 1 7 4
Varsity WiFi 54-3d-37-27-d4-28-00-00 -80 2462000 40 0 1 0
eduroam 00-f6-63-70-7e-ce-00-00 -79 5765000 42 1 6 4
umd 00-2a-10-1b-b0-0f-00-00 -76 5785000 48 0 1 0
umd-guest 00-f6-63-70-7e-cb-00-00 -80 5765000 40 0 1 0
umd-secure 00-f6-63-ec-7c-2d-00-00 -63 5300000 74 1 6 4
umd-util2 00-81-c4-14-09-cc-00-00 -80 5805000 40 1 7 4
0.491506 0.790412 9
MOJO-----secure 00-11-74-8e-96-d0-00-00 -81 5220000 38 1 6 4
NETGEAR19 2c-30-33-e9-46-d5-00-00 -68 2422000 64 1 7 4
RRL-TB-wifi2 74-da-da-ad-be-f9-00-00 -83 2427000 34 1 7 4
Varsity WiFi 54-3d-37-27-d4-28-00-00 -84 2462000 32 0 1 0
eduroam 00-f6-63-6f-da-ae-00-00 -80 5260000 40 1 6 4
umd 00-f6-63-6f-da-af-00-00 -80 5260000 40 0 1 0
umd-guest 00-f6-63-6f-da-ab-00-00 -80 5260000 40 0 1 0
umd-secure 00-f6-63-a3-03-bd-00-00 -77 5260000 46 1 6 4
umd-util2 00-f6-63-6f-da-ac-00-00 -80 5260000 40 1 7 4
