0.101933 0.763657 9
Bill Clinton 88-1f-a1-42-e6-bc-00-00 -89 2462000 16 1 7 4
CVL-Router d0-17-c2-e9-09-c0-00-00 -60 2427000 80 1 7 4
CVL-Router_5G d0-17-c2-e9-09-c4-00-00 -54 5180000 92 1 7 4
CVL-Router_5G-2 d0-17-c2-e9-09-c8-00-00 -49 5785000 100 1 7 4
eduroam 00-f6-63-b2-1b-ee-00-00 -80 5785000 40 1 6 4
umd 00-f6-63-b2-1b-ef-00-00 -80 5785000 40 0 1 0
umd-guest 00-f6-63-b2-1b-eb-00-00 -79 5785000 42 0 1 0
umd-secure 00-f6-63-70-9e-4d-00-00 -51 5300000 98 1 6 4
umd-util2 00-f6-63-b2-1b-ec-00-00 -80 5785000 40 1 7 4
0.115993 0.698997 8
CVL-Router d0-17-c2-e9-09-c0-00-00 -37 2427000 100 1 7 4
CVL-Router_5G d0-17-c2-e9-09-c4-00-00 -45 5180000 100 1 7 4
CVL-Router_5G-2 d0-17-c2-e9-09-c8-00-00 -41 5785000 100 1 7 4
eduroam 00-f6-63-70-95-ee-00-00 -78 5260000 44 1 6 4
umd 00-f6-63-70-95-ef-00-00 -77 5260000 46 0 1 0
umd-guest 00-f6-63-70-95-eb-00-00 -77 5260000 46 0 1 0
umd-secure 00-f6-63-70-95-ed-00-00 -77 5260000 46 1 6 4
umd-util2 00-f6-63-70-95-ec-00-00 -77 5260000 46 1 7 4
0.086116 0.697882 7
CVL-Router d0-17-c2-e9-09-c0-00-00 -42 2427000 100 1 7 4
CVL-Router_5G d0-17-c2-e9-09-c4-00-00 -46 5180000 100 1 7 4
CVL-Router_5G-2 d0-17-c2-e9-09-c8-00-00 -43 5785000 100 1 7 4
eduroam 84-3d-c6-6e-5b-11-00-00 -48 2462000 100 1 6 4
umd 84-3d-c6-6e-5b-10-00-00 -49 2462000 100 0 1 0
umd-guest 84-3d-c6-6e-55-f4-00-00 -42 2462000 100 0 1 0
umd-secure 00-f6-63-70-9e-4d-00-00 -71 5300000 58 1 6 4
0.0550674 0.696767 8
CVL-Router d0-17-c2-e9-09-c0-00-00 -66 2427000 68 1 7 4
CVL-Router_5G d0-17-c2-e9-09-c4-00-00 -48 5180000 100 1 7 4
CVL-Router_5G-2 d0-17-c2-e9-09-c8-00-00 -47 5785000 100 1 7 4
EB5629C6-010000LYd608Ofc e6-8d-63-af-30-77-00-00 -84 2462000 32 0 1 0
eduroam 00-f6-63-70-95-ee-00-00 -79 5260000 42 1 6 4
umd 00-f6-63-70-95-ef-00-00 -79 5260000 42 0 1 0
umd-secure 00-f6-63-70-9e-4d-00-00 -75 5300000 50 1 6 4
umd-util2 00-f6-63-70-95-ec-00-00 -79 5260000 42 1 7 4
0.056239 0.73913 1
umd-secure 84-3d-c6-6e-5b-1d-00-00 -60 5280000 80 1 6 4
0.0556532 0.781494 9
CVL-Router d0-17-c2-e9-09-c0-00-00 -64 2427000 72 1 7 4
CVL-Router_5G d0-17-c2-e9-09-c4-00-00 -62 5180000 76 1 7 4
CVL-Router_5G-2 d0-17-c2-e9-09-c8-00-00 -59 5785000 82 1 7 4
MOJO-----secure 00-11-74-8c-68-40-00-00 -78 5765000 44 1 6 4
eduroam 00-f6-63-b2-1b-ee-00-00 -76 5785000 48 1 6 4
umd 00-f6-63-b2-1b-ef-00-00 -76 5785000 48 0 1 0
umd-guest 00-f6-63-b2-1b-eb-00-00 -77 5785000 46 0 1 0
umd-secure 84-3d-c6-6e-5b-1d-00-00 -69 5280000 62 1 6 4
umd-util2 00-f6-63-b2-1b-ec-00-00 -77 5785000 46 1 7 4
0.0814294 0.790412 10
CVL-Router d0-17-c2-e9-09-c0-00-00 -58 2427000 84 1 7 4
CVL-Router_5G d0-17-c2-e9-09-c4-00-00 -58 5180000 84 1 7 4
CVL-Router_5G-2 d0-17-c2-e9-09-c8-00-00 -58 5785000 84 1 7 4
MOJO-----secure 00-11-74-8c-99-c0-00-00 -81 5180000 38 1 6 4
Varsity WiFi 54-3d-37-27-d4-28-00-00 -85 2462000 30 0 1 0
eduroam 00-f6-63-70-95-ee-00-00 -84 5260000 32 1 6 4
umd 00-f6-63-70-95-ef-00-00 -84 5260000 32 0 1 0
umd-guest 00-f6-63-b2-34-bb-00-00 -53 5260000 94 0 1 0
umd-secure 00-f6-63-b2-34-bd-00-00 -53 5260000 94 1 6 4
umd-util2 00-f6-63-b2-34-bc-00-00 -53 5260000 94 1 7 4
0.116579 0.787068 9
CVL-Router d0-17-c2-e9-09-c0-00-00 -51 2427000 98 1 7 4
CVL-Router_5G d0-17-c2-e9-09-c4-00-00 -55 5180000 90 1 7 4
CVL-Router_5G-2 d0-17-c2-e9-09-c8-00-00 -48 5785000 100 1 7 4
MOJO-----secure 00-11-74-8c-68-40-00-00 -79 5765000 42 1 6 4
eduroam 00-f6-63-b2-1b-ee-00-00 -75 5785000 50 1 6 4
umd 00-f6-63-b2-1b-ef-00-00 -75 5785000 50 0 1 0
umd-guest 00-f6-63-b2-1b-eb-00-00 -75 5785000 50 0 1 0
umd-secure 00-f6-63-b2-34-bd-00-00 -61 5260000 78 1 6 4
umd-util2 00-f6-63-b2-1b-ec-00-00 -74 5785000 52 1 7 4
0.134153 0.788183 9
CVL-Router d0-17-c2-e9-09-c0-00-00 -54 2427000 92 1 7 4
CVL-Router_5G d0-17-c2-e9-09-c4-00-00 -54 5180000 92 1 7 4
CVL-Router_5G-2 d0-17-c2-e9-09-c8-00-00 -49 5785000 100 1 7 4
MOJO-----secure 00-11-74-8c-99-c0-00-00 -82 5180000 36 1 6 4
eduroam 00-f6-63-70-95-ee-00-00 -74 5260000 52 1 6 4
umd 00-f6-63-70-95-ef-00-00 -74 5260000 52 0 1 0
umd-guest 00-f6-63-70-95-eb-00-00 -73 5260000 54 0 1 0
umd-secure 00-f6-63-b2-34-bd-00-00 -61 5260000 78 1 6 4
umd-util2 00-f6-63-b2-34-bc-00-00 -59 5260000 82 1 7 4
0.158758 0.788183 10
510 14-91-82-c6-b2-f3-00-00 -83 2462000 34 1 7 4
CVL-Router d0-17-c2-e9-09-c0-00-00 -54 2427000 92 1 7 4
CVL-Router_5G d0-17-c2-e9-09-c4-00-00 -63 5180000 74 1 7 4
CVL-Router_5G-2 d0-17-c2-e9-09-c8-00-00 -54 5785000 92 1 7 4
MOJO-----secure 00-11-74-8c-68-40-00-00 -77 5765000 46 1 6 4
eduroam 00-f6-63-b2-1b-ee-00-00 -75 5785000 50 1 6 4
umd 00-f6-63-b2-1b-ef-00-00 -75 5785000 50 0 1 0
umd-guest 00-f6-63-b2-1b-eb-00-00 -75 5785000 50 0 1 0
umd-secure 00-f6-63-b2-34-bd-00-00 -65 5260000 70 1 6 4
umd-util2 00-f6-63-b2-1b-ec-00-00 -76 5785000 48 1 7 4
0.158758 0.756968 7
CVL-Router d0-17-c2-e9-09-c0-00-00 -58 2427000 84 1 7 4
CVL-Router_5G d0-17-c2-e9-09-c4-00-00 -61 5180000 78 1 7 4
eduroam 00-f6-63-b2-34-be-00-00 -71 5260000 58 1 6 4
umd 00-f6-63-b2-34-bf-00-00 -70 5260000 60 0 1 0
umd-guest 00-f6-63-b2-34-bb-00-00 -71 5260000 58 0 1 0
umd-secure 00-f6-63-b2-34-bd-00-00 -71 5260000 58 1 6 4
umd-util2 00-f6-63-b2-34-bc-00-00 -71 5260000 58 1 7 4
0.178676 0.787068 9
CVL-Router d0-17-c2-e9-09-c0-00-00 -51 2427000 98 1 7 4
CVL-Router_5G d0-17-c2-e9-09-c4-00-00 -66 5180000 68 1 7 4
CVL-Router_5G-2 d0-17-c2-e9-09-c8-00-00 -64 5785000 72 1 7 4
MOJO-----secure 00-11-74-8c-68-40-00-00 -79 5765000 42 1 6 4
eduroam 00-f6-63-b2-1b-ee-00-00 -75 5785000 50 1 6 4
umd 00-f6-63-b2-1b-ef-00-00 -74 5785000 52 0 1 0
umd-guest 00-f6-63-b2-1b-eb-00-00 -75 5785000 50 0 1 0
umd-secure 00-f6-63-70-9e-4d-00-00 -56 5300000 88 1 6 4
umd-util2 00-f6-63-b2-1b-ec-00-00 -75 5785000 50 1 7 4
0.200937 0.789298 9
CVL-Router d0-17-c2-e9-09-c0-00-00 -53 2427000 94 1 7 4
CVL-Router_5G d0-17-c2-e9-09-c4-00-00 -66 5180000 68 1 7 4
CVL-Router_5G-2 d0-17-c2-e9-09-c8-00-00 -64 5785000 72 1 7 4
MOJO-----secure 00-11-74-8c-68-40-00-00 -80 5765000 40 1 6 4
eduroam 00-f6-63-b2-34-be-00-00 -69 5260000 62 1 6 4
umd 00-f6-63-70-95-ef-00-00 -66 5260000 68 0 1 0
umd-guest 00-f6-63-b2-34-bb-00-00 -70 5260000 60 0 1 0
umd-secure 00-f6-63-b2-34-bd-00-00 -70 5260000 60 1 6 4
umd-util2 00-f6-63-b2-34-bc-00-00 -69 5260000 62 1 7 4
0.222027 0.792642 9
CVL-Router d0-17-c2-e9-09-c0-00-00 -58 2427000 84 1 7 4
CVL-Router_5G d0-17-c2-e9-09-c4-00-00 -67 5180000 66 1 7 4
CVL-Router_5G-2 d0-17-c2-e9-09-c8-00-00 -66 5785000 68 1 7 4
MOJO-----secure 00-11-74-8c-68-40-00-00 -78 5765000 44 1 6 4
eduroam 00-f6-63-b2-1b-ee-00-00 -68 5785000 64 1 6 4
umd 00-f6-63-b2-1b-ef-00-00 -69 5785000 62 0 1 0
umd-guest 00-f6-63-b2-1b-eb-00-00 -69 5785000 62 0 1 0
umd-secure 00-f6-63-70-9e-4d-00-00 -65 5300000 70 1 6 4
umd-util2 00-f6-63-b2-1b-ec-00-00 -68 5785000 64 1 7 4
0.247803 0.785953 9
CVL-Router d0-17-c2-e9-09-c0-00-00 -50 2427000 100 1 7 4
CVL-Router_5G d0-17-c2-e9-09-c4-00-00 -73 5180000 54 1 7 4
CVL-Router_5G-2 d0-17-c2-e9-09-c8-00-00 -70 5785000 60 1 7 4
MOJO-----secure 00-11-74-8c-68-40-00-00 -76 5765000 48 1 6 4
eduroam 00-f6-63-b2-34-be-00-00 -64 5260000 72 1 6 4
umd 00-f6-63-b2-34-bf-00-00 -64 5260000 72 0 1 0
umd-guest 00-f6-63-70-95-eb-00-00 -66 5260000 68 0 1 0
umd-secure 00-f6-63-70-95-ed-00-00 -66 5260000 68 1 6 4
umd-util2 00-f6-63-70-95-ec-00-00 -65 5260000 70 1 7 4
0.251318 0.768116 8
CVL-Router d0-17-c2-e9-09-c0-00-00 -58 2427000 84 1 7 4
CVL-Router_5G d0-17-c2-e9-09-c4-00-00 -72 5180000 56 1 7 4
CVL-Router_5G-2 d0-17-c2-e9-09-c8-00-00 -69 5785000 62 1 7 4
eduroam 00-f6-63-b2-1b-ee-00-00 -63 5785000 74 1 6 4
umd 00-f6-63-b2-1b-ef-00-00 -63 5785000 74 0 1 0
umd-guest 00-f6-63-b2-1b-eb-00-00 -63 5785000 74 0 1 0
umd-secure 00-f6-63-70-9e-4d-00-00 -65 5300000 70 1 6 4
umd-util2 00-f6-63-b2-1b-ec-00-00 -63 5785000 74 1 7 4
0.25249 0.730212 8
CVL-Router d0-17-c2-e9-09-c0-00-00 -54 2427000 92 1 7 4
CVL-Router_5G d0-17-c2-e9-09-c4-00-00 -66 5180000 68 1 7 4
CVL-Router_5G-2 d0-17-c2-e9-09-c8-00-00 -67 5785000 66 1 7 4
eduroam 00-f6-63-b2-34-be-00-00 -81 5260000 38 1 6 4
umd 00-f6-63-b2-34-bf-00-00 -80 5260000 40 0 1 0
umd-guest 00-f6-63-b2-1b-eb-00-00 -66 5785000 68 0 1 0
umd-secure 00-f6-63-70-9e-4d-00-00 -66 5300000 68 1 6 4
umd-util2 00-f6-63-b2-34-bc-00-00 -81 5260000 38 1 7 4
0.25249 0.705686 8
CVL-Router d0-17-c2-e9-09-c0-00-00 -79 2427000 42 1 7 4
CVL-Router_5G d0-17-c2-e9-09-c4-00-00 -66 5180000 68 1 7 4
CVL-Router_5G-2 d0-17-c2-e9-09-c8-00-00 -65 5785000 70 1 7 4
eduroam 00-f6-63-b2-1b-ee-00-00 -72 5785000 56 1 6 4
umd 00-f6-63-b2-1b-ef-00-00 -72 5785000 56 0 1 0
umd-guest 00-f6-63-b2-1b-eb-00-00 -71 5785000 58 0 1 0
umd-secure 00-f6-63-70-9e-4d-00-00 -71 5300000 58 1 6 4
umd-util2 00-f6-63-b2-1b-ec-00-00 -72 5785000 56 1 7 4
0.251904 0.682274 8
CVL-Router d0-17-c2-e9-09-c0-00-00 -60 2427000 80 1 7 4
CVL-Router_5G d0-17-c2-e9-09-c4-00-00 -63 5180000 74 1 7 4
CVL-Router_5G-2 d0-17-c2-e9-09-c8-00-00 -64 5785000 72 1 7 4
eduroam 00-f6-63-70-95-ee-00-00 -51 5260000 98 1 6 4
umd 00-f6-63-70-95-ef-00-00 -51 5260000 98 0 1 0
umd-guest 00-f6-63-70-95-eb-00-00 -50 5260000 100 0 1 0
umd-secure 00-f6-63-70-95-ed-00-00 -51 5260000 98 1 6 4
umd-util2 00-f6-63-70-95-ec-00-00 -51 5260000 98 1 7 4
0.251318 0.643255 9
 00-25-9c-c9-44-7a-00-00 -89 2437000 16 1 7 4
CVL-Router d0-17-c2-e9-09-c0-00-00 -51 2427000 98 1 7 4
CVL-Router_5G d0-17-c2-e9-09-c4-00-00 -62 5180000 76 1 7 4
RRL-TB-wifi2 74-da-da-ad-be-f9-00-00 -82 2427000 36 1 7 4
eduroam 00-f6-63-b2-34-b1-00-00 -79 2462000 42 1 6 4
umd 1c-1d-86-34-04-4f-00-00 -81 5765000 38 0 1 0
umd-guest 1c-1d-86-34-04-4b-00-00 -82 5765000 36 0 1 0
umd-secure 00-f6-63-70-95-ed-00-00 -48 5260000 100 1 6 4
umd-util2 84-3d-c6-6e-5b-13-00-00 -70 2462000 60 1 7 4
0.250732 0.623188 12
CVL-Router d0-17-c2-e9-09-c0-00-00 -49 2427000 100 1 7 4
CVL-Router_5G d0-17-c2-e9-09-c4-00-00 -59 5180000 82 1 7 4
CVL-Router_5G-2 d0-17-c2-e9-09-c8-00-00 -61 5785000 78 1 7 4
MOJO-----secure 00-11-74-8c-95-10-00-00 -67 5745000 66 1 6 4
NETGEAR04 8c-3b-ad-eb-59-d7-00-00 -83 2457000 34 1 7 4
NETGEAR19 2c-30-33-e9-46-d5-00-00 -82 2432000 36 1 7 4
RRL-TB-wifi2 74-da-da-ad-be-f9-00-00 -81 2427000 38 1 7 4
eduroam 00-f6-63-70-95-ee-00-00 -51 5260000 98 1 6 4
umd 00-f6-63-70-95-ef-00-00 -50 5260000 100 0 1 0
umd-guest 00-f6-63-70-95-eb-00-00 -50 5260000 100 0 1 0
umd-secure 00-f6-63-70-95-ed-00-00 -51 5260000 98 1 6 4
umd-util2 00-f6-63-70-95-ec-00-00 -50 5260000 100 1 7 4
0.2314 0.620959 9
CVL-Router d0-17-c2-e9-09-c0-00-00 -54 2427000 92 1 7 4
CVL-Router_5G d0-17-c2-e9-09-c4-00-00 -57 5180000 86 1 7 4
CVL-Router_5G-2 d0-17-c2-e9-09-c8-00-00 -54 5785000 92 1 7 4
MOJO-----secure 00-11-74-8c-95-10-00-00 -78 5745000 44 1 6 4
eduroam 00-f6-63-b2-1b-ee-00-00 -79 5785000 42 1 6 4
umd 00-f6-63-b2-1b-ef-00-00 -78 5785000 44 0 1 0
umd-guest 00-f6-63-b2-1b-eb-00-00 -79 5785000 42 0 1 0
umd-secure 00-f6-63-70-95-ed-00-00 -46 5260000 100 1 6 4
umd-util2 00-f6-63-b2-1b-ec-00-00 -78 5785000 44 1 7 4
0.203281 0.620959 9
CVL-Router d0-17-c2-e9-09-c0-00-00 -74 2427000 52 1 7 4
CVL-Router_5G d0-17-c2-e9-09-c4-00-00 -53 5180000 94 1 7 4
CVL-Router_5G-2 d0-17-c2-e9-09-c8-00-00 -53 5785000 94 1 7 4
MOJO-----secure 00-11-74-8c-95-10-00-00 -79 5745000 42 1 6 4
eduroam 00-f6-63-70-95-ee-00-00 -52 5260000 96 1 6 4
umd 00-f6-63-70-95-ef-00-00 -51 5260000 98 0 1 0
umd-guest 00-f6-63-70-95-eb-00-00 -52 5260000 96 0 1 0
umd-secure 00-f6-63-70-95-ed-00-00 -51 5260000 98 1 6 4
umd-util2 00-f6-63-70-95-ec-00-00 -51 5260000 98 1 7 4
0.175161 0.620959 9
CVL-Router d0-17-c2-e9-09-c0-00-00 -43 2427000 100 1 7 4
CVL-Router_5G d0-17-c2-e9-09-c4-00-00 -52 5180000 96 1 7 4
CVL-Router_5G-2 d0-17-c2-e9-09-c8-00-00 -50 5785000 100 1 7 4
MOJO-----secure 00-11-74-8c-95-10-00-00 -81 5745000 38 1 6 4
eduroam 00-f6-63-a2-dd-51-00-00 -76 2462000 48 1 6 4
umd 00-f6-63-a2-dd-50-00-00 -77 2462000 46 0 1 0
umd-guest 00-f6-63-b2-34-b4-00-00 -71 2462000 58 0 1 0
umd-secure 00-f6-63-70-95-ed-00-00 -56 5260000 88 1 6 4
umd-util2 00-f6-63-b2-34-b3-00-00 -71 2462000 58 1 7 4
0.140012 0.620959 9
CVL-Router d0-17-c2-e9-09-c0-00-00 -44 2427000 100 1 7 4
CVL-Router_5G d0-17-c2-e9-09-c4-00-00 -44 5180000 100 1 7 4
CVL-Router_5G-2 d0-17-c2-e9-09-c8-00-00 -40 5785000 100 1 7 4
MOJO-----secure 00-11-74-8c-95-10-00-00 -78 5745000 44 1 6 4
eduroam 00-f6-63-70-95-ee-00-00 -65 5260000 70 1 6 4
umd 00-f6-63-70-95-ef-00-00 -65 5260000 70 0 1 0
umd-guest 00-f6-63-70-95-eb-00-00 -65 5260000 70 0 1 0
umd-secure 00-f6-63-70-95-ed-00-00 -65 5260000 70 1 6 4
umd-util2 00-f6-63-70-95-ec-00-00 -65 5260000 70 1 7 4
0.115407 0.620959 9
CVL-Router d0-17-c2-e9-09-c0-00-00 -26 2427000 100 1 7 4
CVL-Router_5G d0-17-c2-e9-09-c4-00-00 -37 5180000 100 1 7 4
CVL-Router_5G-2 d0-17-c2-e9-09-c8-00-00 -37 5785000 100 1 7 4
MOJO-----secure 00-11-74-8c-95-10-00-00 -77 5745000 46 1 6 4
eduroam 84-3d-c6-6e-5b-11-00-00 -54 2462000 92 1 6 4
umd 00-f6-63-b2-34-b0-00-00 -68 2462000 64 0 1 0
umd-guest 00-f6-63-b2-34-b4-00-00 -68 2462000 64 0 1 0
umd-secure 00-f6-63-70-95-ed-00-00 -70 5260000 60 1 6 4
umd-util2 00-f6-63-b2-34-b3-00-00 -68 2462000 64 1 7 4
0.0954892 0.620959 10
CVL-Router d0-17-c2-e9-09-c0-00-00 -30 2427000 100 1 7 4
CVL-Router_5G d0-17-c2-e9-09-c4-00-00 -35 5180000 100 1 7 4
CVL-Router_5G-2 d0-17-c2-e9-09-c8-00-00 -69 5785000 62 1 7 4
EB5629C6-010000LYd608Ofc e6-8d-63-af-30-77-00-00 -88 2462000 18 0 1 0
MOJO-----secure 00-11-74-8c-95-20-00-00 -82 2462000 36 1 6 4
eduroam 00-f6-63-b2-34-be-00-00 -76 5260000 48 1 6 4
umd 00-f6-63-b2-34-bf-00-00 -76 5260000 48 0 1 0
umd-guest 00-f6-63-b2-34-bb-00-00 -77 5260000 46 0 1 0
umd-secure 00-f6-63-b2-34-bd-00-00 -76 5260000 48 1 6 4
umd-util2 00-f6-63-b2-34-bc-00-00 -78 5260000 44 1 7 4
0.0585823 0.620959 9
CVL-Router d0-17-c2-e9-09-c0-00-00 -40 2427000 100 1 7 4
CVL-Router_5G d0-17-c2-e9-09-c4-00-00 -42 5180000 100 1 7 4
CVL-Router_5G-2 d0-17-c2-e9-09-c8-00-00 -45 5785000 100 1 7 4
MOJO-----secure 00-11-74-8c-95-10-00-00 -79 5745000 42 1 6 4
eduroam 00-f6-63-d9-ba-51-00-00 -83 2437000 34 1 6 4
umd 00-f6-63-d9-c9-50-00-00 -70 2462000 60 0 1 0
umd-guest 00-f6-63-8d-44-f4-00-00 -80 2412000 40 0 1 0
umd-secure 84-3d-c6-6e-55-fd-00-00 -51 5320000 98 1 6 4
umd-util2 00-f6-63-8d-44-f3-00-00 -80 2412000 40 1 7 4
0.0556532 0.645485 8
CVL-Router d0-17-c2-e9-09-c0-00-00 -31 2427000 100 1 7 4
CVL-Router_5G d0-17-c2-e9-09-c4-00-00 -40 5180000 100 1 7 4
CVL-Router_5G-2 d0-17-c2-e9-09-c8-00-00 -37 5785000 100 1 7 4
eduroam 00-f6-63-70-95-ee-00-00 -80 5260000 40 1 6 4
umd 00-f6-63-70-95-ef-00-00 -79 5260000 42 0 1 0
umd-guest 00-f6-63-70-95-eb-00-00 -80 5260000 40 0 1 0
umd-secure 00-f6-63-70-95-ed-00-00 -80 5260000 40 1 6 4
umd-util2 00-f6-63-70-95-ec-00-00 -79 5260000 42 1 7 4
0.0544815 0.670011 9
CVL-Router d0-17-c2-e9-09-c0-00-00 -61 2427000 78 1 7 4
CVL-Router_5G d0-17-c2-e9-09-c4-00-00 -48 5180000 100 1 7 4
CVL-Router_5G-2 d0-17-c2-e9-09-c8-00-00 -41 5785000 100 1 7 4
EB5629C6-010000LYd608Ofc e6-8d-63-af-30-77-00-00 -85 2462000 30 0 1 0
eduroam 00-f6-63-d9-c3-a1-00-00 -84 2462000 32 1 6 4
small_lab b0-6e-bf-63-bf-b0-00-00 -86 2417000 28 1 7 4
umd 00-f6-63-70-95-e0-00-00 -80 2462000 40 0 1 0
umd-secure 84-3d-c6-6e-55-fd-00-00 -65 5320000 70 1 6 4
umd-util2 00-f6-63-d9-c3-a3-00-00 -85 2462000 30 1 7 4
0.281781 0.625418 10
CVL-Router d0-17-c2-e9-09-c0-00-00 -46 2427000 100 1 7 4
CVL-Router_5G d0-17-c2-e9-09-c4-00-00 -64 5180000 72 1 7 4
MOJO-----secure 00-11-74-8c-95-10-00-00 -68 5745000 64 1 6 4
NETGEAR19 2c-30-33-e9-46-d5-00-00 -70 2432000 60 1 7 4
RRL-TB-wifi2 74-da-da-ad-be-f9-00-00 -79 2427000 42 1 7 4
eduroam 00-f6-63-70-95-ee-00-00 -57 5260000 86 1 6 4
umd 00-f6-63-70-95-ef-00-00 -57 5260000 86 0 1 0
umd-guest 00-f6-63-70-95-eb-00-00 -57 5260000 86 0 1 0
umd-secure 00-f6-63-70-95-ed-00-00 -57 5260000 86 1 6 4
umd-util2 00-f6-63-70-95-ec-00-00 -58 5260000 84 1 7 4
0.307557 0.622074 11
CVL-Router d0-17-c2-e9-09-c0-00-00 -57 2427000 86 1 7 4
CVL-Router_5G d0-17-c2-e9-09-c4-00-00 -66 5180000 68 1 7 4
CVL-Router_5G-2 d0-17-c2-e9-09-c8-00-00 -62 5785000 76 1 7 4
MOJO-----secure 00-11-74-8c-95-10-00-00 -75 5745000 50 1 6 4
NETGEAR19 2c-30-33-e9-46-d5-00-00 -80 2432000 40 1 7 4
RRL-TB-wifi2 74-da-da-ad-be-f9-00-00 -85 2427000 30 1 7 4
eduroam 00-f6-63-b2-1b-ee-00-00 -65 5785000 70 1 6 4
umd 00-f6-63-b2-1b-ef-00-00 -66 5785000 68 0 1 0
umd-guest 00-f6-63-b2-1b-eb-00-00 -66 5785000 68 0 1 0
umd-secure 00-f6-63-70-95-ed-00-00 -63 5260000 74 1 6 4
umd-util2 00-f6-63-b2-1b-ec-00-00 -66 5785000 68 1 7 4
0.33802 0.620959 12
CVL-Router d0-17-c2-e9-09-c0-00-00 -49 2427000 100 1 7 4
CVL-Router_5G d0-17-c2-e9-09-c4-00-00 -69 5180000 62 1 7 4
CVL-Router_5G-2 d0-17-c2-e9-09-c8-00-00 -69 5785000 62 1 7 4
MOJO-----secure 00-11-74-8c-95-10-00-00 -78 5745000 44 1 6 4
NETGEAR19 2c-30-33-e9-46-d5-00-00 -76 2432000 48 1 7 4
NETGEAR19-5G 2c-30-33-e9-46-d4-00-00 -79 5765000 42 1 7 4
eduroam 00-f6-63-70-95-ee-00-00 -68 5260000 64 1 6 4
eduroam_5G c0-25-e9-04-42-46-00-00 -88 5200000 18 0 1 0
umd 00-f6-63-70-95-ef-00-00 -68 5260000 64 0 1 0
umd-guest 00-f6-63-70-95-eb-00-00 -68 5260000 64 0 1 0
umd-secure 00-f6-63-70-95-ed-00-00 -69 5260000 62 1 6 4
umd-util2 00-f6-63-70-95-ec-00-00 -68 5260000 64 1 7 4
0.36321 0.622074 9
CVL-Router d0-17-c2-e9-09-c0-00-00 -55 2427000 90 1 7 4
CVL-Router_5G d0-17-c2-e9-09-c4-00-00 -69 5180000 62 1 7 4
MOJO-----secure 00-11-74-8c-95-10-00-00 -77 5745000 46 1 6 4
RRL-TB-wifi2 74-da-da-ad-be-f9-00-00 -74 2427000 52 1 7 4
eduroam 84-3d-c6-6e-5b-11-00-00 -57 2462000 86 1 6 4
umd 1c-1d-86-34-04-4f-00-00 -78 5765000 44 0 1 0
umd-guest 00-f6-63-ec-73-a4-00-00 -74 2462000 52 0 1 0
umd-secure 00-f6-63-d9-c9-5d-00-00 -56 5300000 88 1 6 4
umd-util2 00-f6-63-ec-73-a3-00-00 -75 2462000 50 1 7 4
0.40949 0.622074 15
 00-25-9c-c9-44-7a-00-00 -87 2462000 26 1 7 4
CVL-Router d0-17-c2-e9-09-c0-00-00 -58 2427000 84 1 7 4
CVL-Router_5G d0-17-c2-e9-09-c4-00-00 -68 5180000 64 1 7 4
CVL-Router_5G-2 d0-17-c2-e9-09-c8-00-00 -70 5785000 60 1 7 4
DroneLab 8c-3b-ad-aa-55-b7-00-00 -79 2447000 42 1 7 4
MOJO-----secure 00-11-74-8c-95-10-00-00 -74 5745000 52 1 6 4
NETGEAR19 2c-30-33-e9-46-d5-00-00 -72 2432000 56 1 7 4
NETGEAR19-5G 2c-30-33-e9-46-d4-00-00 -75 5765000 50 1 7 4
RRL-TB-wifi 74-da-da-ad-be-fa-00-00 -81 5785000 38 1 7 4
RRL-TB-wifi2 74-da-da-ad-be-f9-00-00 -67 2427000 66 1 7 4
eduroam 00-f6-63-b2-1b-ee-00-00 -74 5785000 52 1 6 4
umd 1c-1d-86-34-0a-0f-00-00 -78 5825000 44 0 1 0
umd-guest 1c-1d-86-34-0a-0b-00-00 -79 5825000 42 0 1 0
umd-secure 00-f6-63-d9-c9-5d-00-00 -66 5300000 68 1 6 4
umd-util2 00-f6-63-b2-1b-ec-00-00 -74 5785000 52 1 7 4
0.388401 0.622074 12
CVL-Router d0-17-c2-e9-09-c0-00-00 -51 2427000 98 1 7 4
CVL-Router_5G d0-17-c2-e9-09-c4-00-00 -67 5180000 66 1 7 4
CVL-Router_5G-2 d0-17-c2-e9-09-c8-00-00 -66 5785000 68 1 7 4
MOJO-----secure 00-11-74-8c-95-10-00-00 -68 5745000 64 1 6 4
NETGEAR19 2c-30-33-e9-46-d5-00-00 -74 2432000 52 1 7 4
NETGEAR19-5G 2c-30-33-e9-46-d4-00-00 -79 5765000 42 1 7 4
RRL-TB-wifi2 74-da-da-ad-be-f9-00-00 -70 2427000 60 1 7 4
eduroam 00-f6-63-b2-1b-ee-00-00 -73 5785000 54 1 6 4
umd 00-f6-63-b2-1b-ef-00-00 -73 5785000 54 0 1 0
umd-guest 00-f6-63-b2-1b-eb-00-00 -72 5785000 56 0 1 0
umd-secure 00-f6-63-d9-c9-5d-00-00 -58 5300000 84 1 6 4
umd-util2 00-f6-63-b2-1b-ec-00-00 -72 5785000 56 1 7 4
0.431752 0.620959 14
 00-25-9c-c9-44-7a-00-00 -79 2462000 42 1 7 4
CVL-Router d0-17-c2-e9-09-c0-00-00 -58 2427000 84 1 7 4
CVL-Router_5G d0-17-c2-e9-09-c4-00-00 -70 5180000 60 1 7 4
CVL-Router_5G-2 d0-17-c2-e9-09-c8-00-00 -68 5785000 64 1 7 4
MOJO-----secure 00-11-74-8c-95-10-00-00 -71 5745000 58 1 6 4
NETGEAR19 2c-30-33-e9-46-d5-00-00 -71 2432000 58 1 7 4
NETGEAR19-5G 2c-30-33-e9-46-d4-00-00 -77 5765000 46 1 7 4
RRL-TB-wifi2 74-da-da-ad-be-f9-00-00 -74 2427000 52 1 7 4
eduroam 00-f6-63-70-95-ee-00-00 -78 5260000 44 1 6 4
eduroam_5G c0-25-e9-04-42-46-00-00 -88 5200000 18 0 1 0
umd 2c-5a-0f-29-9d-8f-00-00 -87 5260000 26 0 1 0
umd-guest 00-f6-63-70-95-eb-00-00 -78 5260000 44 0 1 0
umd-secure 00-f6-63-70-95-ed-00-00 -78 5260000 44 1 6 4
umd-util2 00-f6-63-70-95-ec-00-00 -78 5260000 44 1 7 4
0.447569 0.623188 13
 00-25-9c-c9-44-7a-00-00 -78 2462000 44 1 7 4
CVL-Router d0-17-c2-e9-09-c0-00-00 -59 2427000 82 1 7 4
CVL-Router_5G d0-17-c2-e9-09-c4-00-00 -69 5180000 62 1 7 4
CVL-Router_5G-2 d0-17-c2-e9-09-c8-00-00 -72 5785000 56 1 7 4
MOJO-----secure 00-11-74-8c-95-10-00-00 -72 5745000 56 1 6 4
NETGEAR19 2c-30-33-e9-46-d5-00-00 -61 2432000 78 1 7 4
SETUP ee-1e-68-f2-8f-29-00-00 -85 2462000 30 0 1 0
eduroam 00-f6-63-b2-1b-ee-00-00 -76 5785000 48 1 6 4
eduroam_5G c0-25-e9-04-42-46-00-00 -83 5200000 34 0 1 0
umd 00-f6-63-b2-1b-ef-00-00 -75 5785000 50 0 1 0
umd-guest 00-f6-63-b2-1b-eb-00-00 -75 5785000 50 0 1 0
umd-secure 00-f6-63-d9-c9-5d-00-00 -69 5300000 62 1 6 4
umd-util2 00-f6-63-b2-1b-ec-00-00 -76 5785000 48 1 7 4
0.464558 0.620959 14
CPS 10-7b-44-56-83-d8-00-00 -87 2437000 26 1 7 4
CVL-Router d0-17-c2-e9-09-c0-00-00 -61 2427000 78 1 7 4
CVL-Router_5G d0-17-c2-e9-09-c4-00-00 -76 5180000 48 1 7 4
ISRDirPodWireless 9c-30-5b-46-eb-23-00-00 -82 2437000 36 0 1 0
MOJO-----secure 00-11-74-8e-9a-30-00-00 -81 5745000 38 1 6 4
NETGEAR19 2c-30-33-e9-46-d5-00-00 -78 2432000 44 1 7 4
RRL-TB-wifi 74-da-da-ad-be-fa-00-00 -81 5785000 38 1 7 4
RRL-TB-wifi2 74-da-da-ad-be-f9-00-00 -76 2427000 48 1 7 4
eduroam 00-f6-63-6f-e4-de-00-00 -77 5260000 46 1 6 4
eduroam_5G c0-25-e9-04-42-46-00-00 -82 5200000 36 0 1 0
umd 00-f6-63-70-ca-ff-00-00 -88 5260000 18 0 1 0
umd-guest 2c-5a-0f-29-9d-8b-00-00 -78 5260000 44 1 7 4
umd-secure 00-f6-63-6f-e4-dd-00-00 -77 5260000 46 1 6 4
umd-util2 00-f6-63-6f-e4-dc-00-00 -77 5260000 46 1 7 4
0.488576 0.625418 12
CVL-Router d0-17-c2-e9-09-c0-00-00 -67 2427000 66 1 7 4
CVL-Router_5G d0-17-c2-e9-09-c4-00-00 -80 5180000 40 1 7 4
CVL-Router_5G-2 d0-17-c2-e9-09-c8-00-00 -76 5785000 48 1 7 4
ISRDirPodWireless 9c-30-5b-46-eb-23-00-00 -74 2437000 52 0 1 0
MOJO-----secure 00-11-74-8c-68-40-00-00 -80 5765000 40 1 6 4
RRL-TB-wifi2 74-da-da-ad-be-f9-00-00 -67 2427000 66 1 7 4
SETUP ee-1e-68-f2-8f-29-00-00 -84 2462000 32 0 1 0
eduroam 00-f6-63-ec-6f-a1-00-00 -76 2462000 48 1 6 4
umd 1c-1d-86-34-04-4f-00-00 -83 5765000 34 0 1 0
umd-guest 00-81-c4-14-3c-54-00-00 -56 2462000 88 0 1 0
umd-secure 00-81-c4-14-14-ed-00-00 -71 5280000 58 1 6 4
umd-util2 00-f6-63-ec-73-a3-00-00 -70 2462000 60 1 7 4
0.496192 0.647715 9
CVL-Router d0-17-c2-e9-09-c0-00-00 -71 2427000 58 1 7 4
MOJO-----secure 00-11-74-8c-95-10-00-00 -72 5745000 56 1 6 4
RRL-TB-wifi2 74-da-da-ad-be-f9-00-00 -81 2427000 38 1 7 4
eduroam 2c-5a-0f-29-9d-8e-00-00 -74 5260000 52 1 6 4
eduroam_5G c0-25-e9-04-42-46-00-00 -83 5200000 34 0 1 0
umd 2c-5a-0f-29-9d-8f-00-00 -72 5260000 56 0 1 0
umd-guest 2c-5a-0f-29-9d-8b-00-00 -73 5260000 54 1 7 4
umd-secure 00-f6-63-70-ca-fd-00-00 -81 5260000 38 1 6 4
umd-util2 00-f6-63-70-ca-fc-00-00 -81 5260000 38 1 7 4
0.495021 0.67893 6
MOJO-----secure 00-11-74-8c-95-10-00-00 -79 5745000 42 1 6 4
eduroam 78-72-5d-71-32-6e-00-00 -78 5745000 44 1 6 4
umd 78-72-5d-71-32-6f-00-00 -76 5745000 48 0 1 0
umd-guest 78-72-5d-71-32-6b-00-00 -76 5745000 48 1 7 4
umd-secure 00-81-c4-14-14-ed-00-00 -76 5280000 48 1 6 4
umd-util2 78-72-5d-71-32-6c-00-00 -77 5745000 46 1 7 4
0.497364 0.727982 7
ISRDirPodWireless 9c-30-5b-46-eb-23-00-00 -85 2437000 30 0 1 0
MOJO-----secure 00-11-74-8e-9b-20-00-00 -77 5805000 46 1 6 4
eduroam 78-72-5d-71-32-6e-00-00 -79 5745000 42 1 6 4
umd 78-72-5d-71-32-6f-00-00 -79 5745000 42 0 1 0
umd-guest 78-72-5d-71-32-6b-00-00 -79 5745000 42 1 7 4
umd-secure 2c-5a-0f-29-9d-82-00-00 -63 2412000 74 1 6 4
umd-util2 78-72-5d-71-32-6c-00-00 -79 5745000 42 1 7 4
0.496192 0.765886 7
CVL-Router d0-17-c2-e9-09-c0-00-00 -82 2427000 36 1 7 4
MOJO-----secure 00-11-74-8e-9b-20-00-00 -77 5805000 46 1 6 4
eduroam 00-f6-63-ec-6f-a1-00-00 -85 2462000 30 1 6 4
umd 00-f6-63-b2-34-b0-00-00 -77 2462000 46 0 1 0
umd-guest 00-f6-63-ec-73-a4-00-00 -85 2462000 30 0 1 0
umd-secure 2c-5a-0f-29-9d-82-00-00 -64 2412000 72 1 6 4
umd-util2 00-f6-63-ec-6f-a3-00-00 -86 2462000 28 1 7 4
0.495021 0.788183 7
CVL-Router d0-17-c2-e9-09-c0-00-00 -77 2427000 46 1 7 4
MOJO-----secure 00-11-74-8e-9b-20-00-00 -72 5805000 56 1 6 4
eduroam 2c-5a-0f-29-9d-8e-00-00 -71 5260000 58 1 6 4
umd 00-f6-63-b2-27-1f-00-00 -69 5260000 62 0 1 0
umd-guest 00-f6-63-b2-34-bb-00-00 -73 5260000 54 0 1 0
umd-secure 2c-5a-0f-29-9d-8d-00-00 -71 5260000 58 1 6 4
umd-util2 00-f6-63-b2-34-bc-00-00 -74 5260000 52 1 7 4
0.476274 0.788183 7
CVL-Router d0-17-c2-e9-09-c0-00-00 -78 2427000 44 1 7 4
MOJO-----secure 00-11-74-8e-9b-20-00-00 -77 5805000 46 1 6 4
eduroam 00-f6-63-b2-1b-ee-00-00 -75 5785000 50 1 6 4
umd 00-f6-63-b2-1b-ef-00-00 -76 5785000 48 0 1 0
umd-guest 00-f6-63-b2-1b-eb-00-00 -76 5785000 48 0 1 0
umd-secure 2c-5a-0f-29-9d-82-00-00 -68 2412000 64 1 6 4
umd-util2 00-f6-63-b2-1b-ec-00-00 -76 5785000 48 1 7 4
0.459871 0.790412 7
CVL-Router d0-17-c2-e9-09-c0-00-00 -79 2427000 42 1 7 4
MOJO-----secure 00-11-74-8e-9b-20-00-00 -78 5805000 44 1 6 4
eduroam 00-f6-63-b2-34-be-00-00 -73 5260000 54 1 6 4
umd 2c-5a-0f-29-9d-8f-00-00 -72 5260000 56 0 1 0
umd-guest 00-f6-63-b2-34-bb-00-00 -73 5260000 54 0 1 0
umd-secure 2c-5a-0f-29-9d-8d-00-00 -73 5260000 54 1 6 4
umd-util2 00-f6-63-b2-34-bc-00-00 -73 5260000 54 1 7 4
0.442882 0.788183 10
CVL-Router d0-17-c2-e9-09-c0-00-00 -77 2427000 46 1 7 4
CVL-Router_5G d0-17-c2-e9-09-c4-00-00 -83 5180000 34 1 7 4
MOJO-----secure 00-11-74-8e-9b-20-00-00 -84 5805000 32 1 6 4
Varsity WiFi 54-3d-37-01-f5-f8-00-00 -85 2437000 30 0 1 0
eduroam 00-f6-63-b2-1b-ee-00-00 -63 5785000 74 1 6 4
eduroam_5G c0-25-e9-04-42-46-00-00 -89 5200000 16 0 1 0
umd 00-f6-63-b2-1b-ef-00-00 -63 5785000 74 0 1 0
umd-guest 00-f6-63-b2-1b-eb-00-00 -63 5785000 74 0 1 0
umd-secure 00-81-c4-14-3c-52-00-00 -58 2462000 84 1 6 4
umd-util2 00-f6-63-b2-1b-ec-00-00 -63 5785000 74 1 7 4
0.403046 0.790412 10
CVL-Router d0-17-c2-e9-09-c0-00-00 -72 2427000 56 1 7 4
CVL-Router_5G d0-17-c2-e9-09-c4-00-00 -82 5180000 36 1 7 4
CVL-Router_5G-2 d0-17-c2-e9-09-c8-00-00 -77 5785000 46 1 7 4
MOJO-----secure 00-11-74-8c-68-40-00-00 -78 5765000 44 1 6 4
eduroam 00-f6-63-b2-34-be-00-00 -71 5260000 58 1 6 4
eduroam_5G c0-25-e9-04-42-46-00-00 -84 5200000 32 0 1 0
umd 00-f6-63-b2-34-bf-00-00 -70 5260000 60 0 1 0
umd-guest 00-f6-63-b2-34-bb-00-00 -68 5260000 64 0 1 0
umd-secure 00-81-c4-14-3c-52-00-00 -64 2462000 72 1 6 4
umd-util2 00-f6-63-b2-34-bc-00-00 -68 5260000 64 1 7 4
0.376684 0.791527 10
CVL-Router d0-17-c2-e9-09-c0-00-00 -82 2427000 36 1 7 4
CVL-Router_5G d0-17-c2-e9-09-c4-00-00 -80 5180000 40 1 7 4
CVL-Router_5G-2 d0-17-c2-e9-09-c8-00-00 -75 5785000 50 1 7 4
MOJO-----secure 00-11-74-8c-68-40-00-00 -78 5765000 44 1 6 4
eduroam 00-f6-63-b2-1b-ee-00-00 -55 5785000 90 1 6 4
eduroam_5G c0-25-e9-04-42-46-00-00 -82 5200000 36 0 1 0
umd 00-f6-63-b2-1b-ef-00-00 -55 5785000 90 0 1 0
umd-guest 00-f6-63-b2-1b-eb-00-00 -55 5785000 90 0 1 0
umd-secure 00-81-c4-14-3c-52-00-00 -69 2462000 62 1 6 4
umd-util2 00-f6-63-b2-1b-ec-00-00 -54 5785000 92 1 7 4
0.35208 0.790412 10
CVL-Router d0-17-c2-e9-09-c0-00-00 -69 2427000 62 1 7 4
CVL-Router_5G d0-17-c2-e9-09-c4-00-00 -79 5180000 42 1 7 4
CVL-Router_5G-2 d0-17-c2-e9-09-c8-00-00 -76 5785000 48 1 7 4
MOJO-----secure 00-11-74-8c-68-40-00-00 -85 5765000 30 1 6 4
eduroam 00-f6-63-70-95-ee-00-00 -83 5260000 34 1 6 4
eduroam_5G c0-25-e9-04-42-46-00-00 -82 5200000 36 0 1 0
umd 00-f6-63-70-95-ef-00-00 -84 5260000 32 0 1 0
umd-guest 00-f6-63-b2-34-bb-00-00 -68 5260000 64 0 1 0
umd-secure 00-f6-63-70-95-ed-00-00 -84 5260000 32 1 6 4
umd-util2 00-f6-63-b2-34-bc-00-00 -68 5260000 64 1 7 4
0.3099 0.784838 11
CVL-Router d0-17-c2-e9-09-c0-00-00 -72 2427000 56 1 7 4
CVL-Router_5G d0-17-c2-e9-09-c4-00-00 -77 5180000 46 1 7 4
CVL-Router_5G-2 d0-17-c2-e9-09-c8-00-00 -77 5785000 46 1 7 4
MOJO-----secure 00-11-74-8c-68-40-00-00 -79 5765000 42 1 6 4
Varsity WiFi 58-b6-33-0a-15-28-00-00 -76 2462000 48 0 1 0
eduroam 00-f6-63-b2-1b-ee-00-00 -57 5785000 86 1 6 4
eduroam_5G c0-25-e9-04-42-46-00-00 -87 5200000 26 0 1 0
umd 00-f6-63-b2-1b-ef-00-00 -57 5785000 86 0 1 0
umd-guest 00-f6-63-b2-1b-eb-00-00 -57 5785000 86 0 1 0
umd-secure 00-f6-63-b2-1b-ed-00-00 -57 5785000 86 1 6 4
umd-util2 00-f6-63-b2-1b-ec-00-00 -57 5785000 86 1 7 4
0.330404 0.785953 10
CVL-Router d0-17-c2-e9-09-c0-00-00 -68 2427000 64 1 7 4
CVL-Router_5G d0-17-c2-e9-09-c4-00-00 -82 5180000 36 1 7 4
CVL-Router_5G-2 d0-17-c2-e9-09-c8-00-00 -79 5785000 42 1 7 4
MOJO-----secure 00-11-74-8e-9b-20-00-00 -90 5805000 14 1 6 4
eduroam 00-f6-63-b2-1b-ee-00-00 -49 5785000 100 1 6 4
eduroam_5G c0-25-e9-04-42-46-00-00 -81 5200000 38 0 1 0
umd 00-f6-63-b2-1b-ef-00-00 -49 5785000 100 0 1 0
umd-guest 00-f6-63-b2-1b-eb-00-00 -48 5785000 100 0 1 0
umd-secure 00-f6-63-b2-1b-ed-00-00 -48 5785000 100 1 6 4
umd-util2 00-f6-63-b2-1b-ec-00-00 -49 5785000 100 1 7 4
0.275337 0.790412 9
CVL-Router d0-17-c2-e9-09-c0-00-00 -61 2427000 78 1 7 4
CVL-Router_5G d0-17-c2-e9-09-c4-00-00 -73 5180000 54 1 7 4
CVL-Router_5G-2 d0-17-c2-e9-09-c8-00-00 -71 5785000 58 1 7 4
MOJO-----secure 00-11-74-8c-68-40-00-00 -81 5765000 38 1 6 4
eduroam 00-f6-63-b2-1b-ee-00-00 -64 5785000 72 1 6 4
umd 00-f6-63-b2-1b-ef-00-00 -63 5785000 74 0 1 0
umd-guest 00-f6-63-b2-1b-eb-00-00 -64 5785000 72 0 1 0
umd-secure 00-f6-63-b2-1b-ed-00-00 -63 5785000 74 1 6 4
umd-util2 00-f6-63-b2-1b-ec-00-00 -64 5785000 72 1 7 4
0.505565 0.790412 7
CVL-Router d0-17-c2-e9-09-c0-00-00 -77 2427000 46 1 7 4
MOJO-----secure 00-11-74-8e-9b-20-00-00 -72 5805000 56 1 6 4
eduroam 00-f6-63-b2-1b-ee-00-00 -74 5785000 52 1 6 4
umd 00-f6-63-b2-1b-ef-00-00 -74 5785000 52 0 1 0
umd-guest 00-f6-63-b2-1b-eb-00-00 -75 5785000 50 0 1 0
umd-secure 00-f6-63-b2-27-12-00-00 -53 2437000 94 1 6 4
umd-util2 00-f6-63-b2-1b-ec-00-00 -75 5785000 50 1 7 4
0.539543 0.787068 6
MOJO-----secure 00-11-74-8e-9b-20-00-00 -65 5805000 70 1 6 4
eduroam 00-f6-63-b2-1b-ee-00-00 -77 5785000 46 1 6 4
umd 00-f6-63-b2-1b-ef-00-00 -78 5785000 44 0 1 0
umd-guest 00-f6-63-b2-1b-eb-00-00 -78 5785000 44 0 1 0
umd-secure 00-f6-63-b2-27-12-00-00 -59 2437000 82 1 6 4
umd-util2 00-f6-63-b2-1b-ec-00-00 -78 5785000 44 1 7 4
0.567077 0.788183 7
MOJO-----secure 00-11-74-8e-9b-20-00-00 -61 5805000 78 1 6 4
eduroam 78-72-5d-71-32-6e-00-00 -82 5745000 36 1 6 4
looneysHostess 0c-9d-92-2b-eb-50-00-00 -83 2442000 34 1 7 4
umd 78-72-5d-71-32-6f-00-00 -82 5745000 36 0 1 0
umd-guest 78-72-5d-71-32-6b-00-00 -82 5745000 36 1 7 4
umd-secure 00-f6-63-b2-27-12-00-00 -63 2437000 74 1 6 4
umd-util2 78-72-5d-71-32-6c-00-00 -82 5745000 36 1 7 4
0.588752 0.788183 5
eduroam 00-f6-63-b2-27-1e-00-00 -87 5260000 26 1 6 4
umd 2c-5a-0f-29-9d-8f-00-00 -58 5260000 84 0 1 0
umd-guest 2c-5a-0f-2a-d5-8b-00-00 -79 5280000 42 1 7 4
umd-secure 2c-5a-0f-29-9d-8d-00-00 -56 5260000 88 1 6 4
umd-util2 2c-5a-0f-2a-d5-8c-00-00 -79 5280000 42 1 7 4
0.602226 0.789298 8
MOJO-----secure 00-11-74-8c-68-40-00-00 -66 5765000 68 1 6 4
MOXA 06-90-e8-48-54-f1-00-00 -81 2437000 38 0 1 0
eduroam 00-f6-63-b2-1b-ee-00-00 -79 5785000 42 1 6 4
looneysHostess 0c-9d-92-2b-eb-54-00-00 -82 5240000 36 1 7 4
umd 2c-5a-0f-2a-da-c0-00-00 -64 2462000 72 0 1 0
umd-guest 00-f6-63-b2-1b-eb-00-00 -79 5785000 42 0 1 0
umd-secure 2c-5a-0f-29-9d-8d-00-00 -55 5260000 90 1 6 4
umd-util2 78-72-5d-71-32-6c-00-00 -82 5745000 36 1 7 4
0.618043 0.789298 7
MOJO-----secure 00-11-74-8e-dd-e0-00-00 -79 5785000 42 1 6 4
Varsity WiFi 54-3d-37-28-30-28-00-00 -86 2412000 28 0 1 0
eduroam 78-72-5d-71-32-6e-00-00 -72 5745000 56 1 6 4
umd 78-72-5d-71-32-6f-00-00 -73 5745000 54 0 1 0
umd-guest 78-72-5d-71-32-6b-00-00 -72 5745000 56 1 7 4
umd-secure 2c-5a-0f-29-9d-8d-00-00 -54 5260000 92 1 6 4
umd-util2 78-72-5d-71-32-6c-00-00 -72 5745000 56 1 7 4
0.637376 0.789298 6
MOJO-----secure 00-11-74-8e-9b-20-00-00 -53 5805000 94 1 6 4
eduroam 00-f6-63-d9-dd-0e-00-00 -83 5260000 34 1 6 4
umd 2c-5a-0f-29-9d-8f-00-00 -54 5260000 92 0 1 0
umd-guest 00-f6-63-d9-dd-0b-00-00 -83 5260000 34 0 1 0
umd-secure 00-f6-63-d9-dd-0d-00-00 -82 5260000 36 1 6 4
umd-util2 00-f6-63-d9-dd-0c-00-00 -83 5260000 34 1 7 4
0.670767 0.789298 7
MOJO-----secure 00-11-74-8e-9b-20-00-00 -57 5805000 86 1 6 4
SETUP ee-1e-68-f2-8f-29-00-00 -79 2462000 42 0 1 0
eduroam 78-72-5d-71-32-6e-00-00 -75 5745000 50 1 6 4
umd 78-72-5d-71-32-6f-00-00 -75 5745000 50 0 1 0
umd-guest 78-72-5d-71-32-6b-00-00 -76 5745000 48 1 7 4
umd-secure 2c-5a-0f-29-9d-8d-00-00 -57 5260000 86 1 6 4
umd-util2 78-72-5d-71-32-6c-00-00 -74 5745000 52 1 7 4
0.690685 0.788183 7
MOJO-----secure 00-11-74-8e-9b-20-00-00 -64 5805000 72 1 6 4
SETUP ee-1e-68-f2-8f-29-00-00 -78 2462000 44 0 1 0
eduroam 00-f6-63-d9-dc-21-00-00 -62 2462000 76 1 6 4
umd 00-f6-63-b2-34-b0-00-00 -74 2462000 52 0 1 0
umd-guest 00-f6-63-70-c9-d4-00-00 -85 2462000 30 0 1 0
umd-secure 2c-5a-0f-29-9d-8d-00-00 -64 5260000 72 1 6 4
umd-util2 00-f6-63-d9-dc-23-00-00 -62 2462000 76 1 7 4
0.711189 0.789298 7
MOJO-----secure 00-11-74-8e-dd-e0-00-00 -78 5785000 44 1 6 4
SETUP ee-1e-68-f2-8f-29-00-00 -74 2462000 52 0 1 0
eduroam 00-f6-63-d9-dc-21-00-00 -69 2462000 62 1 6 4
umd 00-f6-63-d9-dc-20-00-00 -69 2462000 62 0 1 0
umd-guest 00-81-c4-14-3c-54-00-00 -60 2462000 80 0 1 0
umd-secure 2c-5a-0f-29-9d-8d-00-00 -65 5260000 70 1 6 4
umd-util2 00-f6-63-d9-dc-23-00-00 -69 2462000 62 1 7 4
0.748682 0.785953 8
MOJO-----secure 00-11-74-8c-88-80-00-00 -63 5240000 74 1 6 4
SETUP ee-1e-68-f2-8f-29-00-00 -77 2462000 46 0 1 0
eduroam 2c-5a-0f-2a-da-c1-00-00 -51 2462000 98 1 6 4
looneysHostess 0c-9d-92-2b-eb-50-00-00 -75 2442000 50 1 7 4
umd 00-81-c4-14-3c-50-00-00 -63 2462000 74 0 1 0
umd-guest 2c-5a-0f-3b-a2-24-00-00 -67 2462000 66 1 7 4
umd-secure 00-f6-63-d9-ba-1d-00-00 -61 5300000 78 1 6 4
umd-util2 2c-5a-0f-3b-a2-23-00-00 -67 2462000 66 1 7 4
0.750439 0.744705 8
CPS 10-7b-44-56-83-d8-00-00 -80 2437000 40 1 7 4
MOJO-----secure 00-11-74-8e-dd-e0-00-00 -80 5785000 40 1 6 4
SETUP ee-1e-68-f2-8f-29-00-00 -73 2462000 54 0 1 0
eduroam 78-72-5d-71-32-61-00-00 -71 2462000 58 1 6 4
umd 00-f6-63-ec-6f-a0-00-00 -85 2462000 30 0 1 0
umd-guest 2c-5a-0f-2a-da-c4-00-00 -60 2462000 80 1 7 4
umd-secure 00-f6-63-d9-ba-1d-00-00 -71 5300000 58 1 6 4
umd-util2 2c-5a-0f-2a-da-c3-00-00 -60 2462000 80 1 7 4
0.750439 0.705686 8
MOJO-----secure 00-11-74-8e-dd-e0-00-00 -78 5785000 44 1 6 4
RRL-TB-wifi2 74-da-da-ad-be-f9-00-00 -77 2427000 46 1 7 4
SETUP ee-1e-68-f2-8f-29-00-00 -70 2462000 60 0 1 0
eduroam 2c-5a-0f-29-9d-8e-00-00 -70 5260000 60 1 6 4
umd 2c-5a-0f-29-9d-8f-00-00 -70 5260000 60 0 1 0
umd-guest 00-f6-63-d9-dd-0b-00-00 -84 5260000 32 0 1 0
umd-secure 2c-5a-0f-29-9d-8d-00-00 -70 5260000 60 1 6 4
umd-util2 00-f6-63-d9-dd-0c-00-00 -83 5260000 34 1 7 4
0.752197 0.661093 9
CPS 10-7b-44-56-83-d8-00-00 -76 2437000 48 1 7 4
CPS_5G 10-7b-44-56-83-dc-00-00 -89 5200000 16 1 7 4
MOJO-----secure 00-11-74-8e-f5-e0-00-00 -73 5805000 54 1 6 4
RRL-TB-wifi2 74-da-da-ad-be-f9-00-00 -77 2427000 46 1 7 4
eduroam 00-f6-63-6f-e4-d1-00-00 -63 2437000 74 1 6 4
umd 00-f6-63-d9-dd-00-00-00 -76 2462000 48 0 1 0
umd-guest 78-72-5d-71-32-6b-00-00 -80 5745000 40 1 7 4
umd-secure 2c-5a-0f-2a-d5-8d-00-00 -60 5280000 80 1 6 4
umd-util2 00-f6-63-ec-6f-a3-00-00 -81 2462000 38 1 7 4
0.751611 0.637681 7
MOJO-----secure 00-11-74-8e-f5-e0-00-00 -73 5805000 54 1 6 4
SETUP ee-1e-68-f2-8f-29-00-00 -64 2462000 72 0 1 0
eduroam 00-f6-63-70-c9-d1-00-00 -82 2462000 36 1 6 4
umd 00-f6-63-d9-dc-20-00-00 -58 2462000 84 0 1 0
umd-guest 00-f6-63-ec-6f-a4-00-00 -80 2462000 40 0 1 0
umd-secure 2c-5a-0f-2a-d5-8d-00-00 -56 5280000 88 1 6 4
umd-util2 00-f6-63-ec-6f-a3-00-00 -81 2462000 38 1 7 4
0.750439 0.620959 12
CPS 10-7b-44-56-83-d8-00-00 -74 2437000 52 1 7 4
CPS_5G 10-7b-44-56-83-dc-00-00 -90 5200000 14 1 7 4
CVL-Router d0-17-c2-e9-09-c0-00-00 -72 2427000 56 1 7 4
CVL-Router_5G d0-17-c2-e9-09-c4-00-00 -83 5180000 34 1 7 4
CVL-Router_5G-2 d0-17-c2-e9-09-c8-00-00 -79 5785000 42 1 7 4
MOJO-----secure 00-11-74-8e-f5-e0-00-00 -78 5805000 44 1 6 4
RRL-TB-wifi 74-da-da-ad-be-fa-00-00 -81 5785000 38 1 7 4
eduroam 78-72-5d-71-32-6e-00-00 -80 5745000 40 1 6 4
umd 78-72-5d-71-32-6f-00-00 -80 5745000 40 0 1 0
umd-guest 84-3d-c6-6e-55-f4-00-00 -77 2462000 46 0 1 0
umd-secure 2c-5a-0f-2a-d5-8d-00-00 -57 5280000 86 1 6 4
umd-util2 84-3d-c6-6e-5b-13-00-00 -73 2462000 54 1 7 4
0.726421 0.620959 12
CVL-Router d0-17-c2-e9-09-c0-00-00 -73 2427000 54 1 7 4
CVL-Router_5G d0-17-c2-e9-09-c4-00-00 -75 5180000 50 1 7 4
CVL-Router_5G-2 d0-17-c2-e9-09-c8-00-00 -78 5785000 44 1 7 4
MOJO-----secure 00-11-74-8e-dd-e0-00-00 -80 5785000 40 1 6 4
RRL-TB-wifi 74-da-da-ad-be-fa-00-00 -81 5785000 38 1 7 4
RRL-TB-wifi2 74-da-da-ad-be-f9-00-00 -70 2427000 60 1 7 4
SETUP ee-1e-68-f2-8f-29-00-00 -52 2462000 96 0 1 0
eduroam 2c-5a-0f-29-9d-8e-00-00 -69 5260000 62 1 6 4
umd 00-f6-63-d9-dd-0f-00-00 -87 5260000 26 0 1 0
umd-guest 00-f6-63-6f-e4-db-00-00 -78 5260000 44 0 1 0
umd-secure 00-f6-63-6f-e4-dd-00-00 -79 5260000 42 1 6 4
umd-util2 00-f6-63-6f-e4-dc-00-00 -78 5260000 44 1 7 4
0.698301 0.618729 12
CVL-Router d0-17-c2-e9-09-c0-00-00 -66 2427000 68 1 7 4
CVL-Router_5G d0-17-c2-e9-09-c4-00-00 -76 5180000 48 1 7 4
CVL-Router_5G-2 d0-17-c2-e9-09-c8-00-00 -77 5785000 46 1 7 4
MOJO-----secure 00-11-74-8e-dd-e0-00-00 -79 5785000 42 1 6 4
RRL-TB-wifi 74-da-da-ad-be-fa-00-00 -77 5785000 46 1 7 4
RRL-TB-wifi2 74-da-da-ad-be-f9-00-00 -71 2427000 58 1 7 4
SETUP ee-1e-68-f2-8f-29-00-00 -51 2462000 98 0 1 0
eduroam 78-72-5d-71-32-6e-00-00 -78 5745000 44 1 6 4
umd 78-72-5d-71-32-6f-00-00 -78 5745000 44 0 1 0
umd-guest 78-72-5d-71-32-6b-00-00 -78 5745000 44 1 7 4
umd-secure 2c-5a-0f-2a-d5-8d-00-00 -54 5280000 92 1 6 4
umd-util2 78-72-5d-71-32-6c-00-00 -78 5745000 44 1 7 4
0.662566 0.618729 11
CVL-Router d0-17-c2-e9-09-c0-00-00 -67 2427000 66 1 7 4
CVL-Router_5G d0-17-c2-e9-09-c4-00-00 -79 5180000 42 1 7 4
CVL-Router_5G-2 d0-17-c2-e9-09-c8-00-00 -78 5785000 44 1 7 4
MOJO-----secure 00-11-74-8c-68-40-00-00 -79 5765000 42 1 6 4
RRL-TB-wifi 74-da-da-ad-be-fa-00-00 -78 5785000 44 1 7 4
SETUP ee-1e-68-f2-8f-29-00-00 -64 2462000 72 0 1 0
eduroam 00-f6-63-6f-e4-de-00-00 -77 5260000 46 1 6 4
umd 00-f6-63-6f-e4-df-00-00 -77 5260000 46 0 1 0
umd-guest 00-f6-63-70-ca-fb-00-00 -80 5260000 40 0 1 0
umd-secure 2c-5a-0f-29-9d-8d-00-00 -70 5260000 60 1 6 4
umd-util2 00-f6-63-70-ca-fc-00-00 -81 5260000 38 1 7 4
0.64382 0.618729 11
CVL-Router d0-17-c2-e9-09-c0-00-00 -70 2427000 60 1 7 4
CVL-Router_5G d0-17-c2-e9-09-c4-00-00 -72 5180000 56 1 7 4
CVL-Router_5G-2 d0-17-c2-e9-09-c8-00-00 -79 5785000 42 1 7 4
MOJO-----secure 00-11-74-8e-9a-30-00-00 -79 5745000 42 1 6 4
RRL-TB-wifi 74-da-da-ad-be-fa-00-00 -78 5785000 44 1 7 4
SETUP ee-1e-68-f2-8f-29-00-00 -61 2462000 78 0 1 0
eduroam 00-f6-63-72-b2-e1-00-00 -75 2462000 50 1 6 4
umd 2c-5a-0f-2a-da-c0-00-00 -77 2462000 46 0 1 0
umd-guest 84-3d-c6-6e-55-f4-00-00 -72 2462000 56 0 1 0
umd-secure 2c-5a-0f-2a-d5-8d-00-00 -63 5280000 74 1 6 4
umd-util2 00-f6-63-72-b2-e3-00-00 -75 2462000 50 1 7 4
0.612185 0.618729 14
CPS 10-7b-44-56-83-d8-00-00 -89 2437000 16 1 7 4
CVL-Router d0-17-c2-e9-09-c0-00-00 -65 2427000 70 1 7 4
CVL-Router_5G d0-17-c2-e9-09-c4-00-00 -76 5180000 48 1 7 4
CVL-Router_5G-2 d0-17-c2-e9-09-c8-00-00 -78 5785000 44 1 7 4
ISRDirPodWireless 9c-30-5b-46-eb-23-00-00 -73 2437000 54 0 1 0
MOJO-----secure 00-11-74-8e-9b-20-00-00 -67 5805000 66 1 6 4
RRL-TB-wifi 74-da-da-ad-be-fa-00-00 -73 5785000 54 1 7 4
RRL-TB-wifi2 74-da-da-ad-be-f9-00-00 -66 2427000 68 1 7 4
SETUP ee-1e-68-f2-8f-29-00-00 -67 2462000 66 0 1 0
eduroam 2c-5a-0f-29-9d-8e-00-00 -59 5260000 82 1 6 4
umd 2c-5a-0f-29-9d-8f-00-00 -60 5260000 80 0 1 0
umd-guest 00-f6-63-6f-e4-db-00-00 -80 5260000 40 0 1 0
umd-secure 2c-5a-0f-29-9d-8d-00-00 -60 5260000 80 1 6 4
umd-util2 2c-5a-0f-29-9d-8c-00-00 -60 5260000 80 1 7 4
0.586409 0.618729 10
CVL-Router_5G d0-17-c2-e9-09-c4-00-00 -73 5180000 54 1 7 4
ISRDirPodWireless 9c-30-5b-46-eb-23-00-00 -67 2437000 66 0 1 0
MOJO-----secure 00-11-74-8c-99-d0-00-00 -78 2462000 44 1 6 4
RRL-TB-wifi2 74-da-da-ad-be-f9-00-00 -74 2427000 52 1 7 4
SETUP ee-1e-68-f2-8f-29-00-00 -72 2462000 56 0 1 0
eduroam 00-f6-63-ec-6f-a1-00-00 -65 2462000 70 1 6 4
umd 2c-5a-0f-2a-d0-a0-00-00 -74 2462000 52 0 1 0
umd-guest 78-72-5d-71-32-64-00-00 -68 2462000 64 1 7 4
umd-secure 2c-5a-0f-2a-d5-8d-00-00 -72 5280000 56 1 6 4
umd-util2 a0-93-51-31-a0-e3-00-00 -76 2412000 48 1 7 4
0.549502 0.620959 13
CVL-Router d0-17-c2-e9-09-c0-00-00 -67 2427000 66 1 7 4
CVL-Router_5G d0-17-c2-e9-09-c4-00-00 -74 5180000 52 1 7 4
CVL-Router_5G-2 d0-17-c2-e9-09-c8-00-00 -77 5785000 46 1 7 4
ISRDirPodWireless 9c-30-5b-46-eb-23-00-00 -64 2437000 72 0 1 0
MOJO-----secure 00-11-74-8e-9b-20-00-00 -76 5805000 48 1 6 4
RRL-TB-wifi 74-da-da-ad-be-fa-00-00 -79 5785000 42 1 7 4
RRL-TB-wifi2 74-da-da-ad-be-f9-00-00 -64 2427000 72 1 7 4
SETUP ee-1e-68-f2-8f-29-00-00 -86 2462000 28 0 1 0
eduroam 00-f6-63-ec-73-a1-00-00 -75 2462000 50 1 6 4
umd 00-f6-63-70-95-e0-00-00 -77 2462000 46 0 1 0
umd-guest 00-f6-63-ec-6f-a4-00-00 -74 2462000 52 0 1 0
umd-secure 00-f6-63-d9-dc-22-00-00 -62 2462000 76 1 6 4
umd-util2 00-f6-63-d9-c2-23-00-00 -78 2462000 44 1 7 4
0.528998 0.620959 13
CVL-Router d0-17-c2-e9-09-c0-00-00 -68 2427000 64 1 7 4
CVL-Router_5G d0-17-c2-e9-09-c4-00-00 -72 5180000 56 1 7 4
CVL-Router_5G-2 d0-17-c2-e9-09-c8-00-00 -75 5785000 50 1 7 4
ISRDirPodWireless 9c-30-5b-46-eb-23-00-00 -70 2437000 60 0 1 0
MOJO-----secure 00-11-74-8e-9b-20-00-00 -74 5805000 52 1 6 4
NETGEAR19 2c-30-33-e9-46-d5-00-00 -73 2432000 54 1 7 4
NETGEAR19-5G 2c-30-33-e9-46-d4-00-00 -88 5765000 18 1 7 4
RRL-TB-wifi 74-da-da-ad-be-fa-00-00 -80 5785000 40 1 7 4
eduroam 00-f6-63-a2-dd-51-00-00 -49 2462000 100 1 6 4
umd 84-3d-c6-6e-55-f0-00-00 -70 2462000 60 0 1 0
umd-guest 00-f6-63-b2-1b-e4-00-00 -83 2462000 34 0 1 0
umd-secure 00-f6-63-d9-dc-22-00-00 -65 2462000 70 1 6 4
umd-util2 00-f6-63-b2-1b-e3-00-00 -82 2462000 36 1 7 4
0.50908 0.632107 8
CVL-Router d0-17-c2-e9-09-c0-00-00 -70 2427000 60 1 7 4
ISRDirPodWireless 9c-30-5b-46-eb-23-00-00 -65 2437000 70 0 1 0
MOJO-----secure 00-11-74-8e-9b-20-00-00 -79 5805000 42 1 6 4
eduroam 00-f6-63-70-95-e1-00-00 -85 2462000 30 1 6 4
umd 00-f6-63-b2-27-1f-00-00 -87 5260000 26 0 1 0
umd-guest 00-f6-63-70-ca-fb-00-00 -79 5260000 42 0 1 0
umd-secure 00-f6-63-d9-dc-22-00-00 -70 2462000 60 1 6 4
umd-util2 1c-1d-86-34-0a-0c-00-00 -78 5825000 44 1 7 4
0.506151 0.617614 13
CVL-Router d0-17-c2-e9-09-c0-00-00 -57 2427000 86 1 7 4
CVL-Router_5G d0-17-c2-e9-09-c4-00-00 -74 5180000 52 1 7 4
CVL-Router_5G-2 d0-17-c2-e9-09-c8-00-00 -76 5785000 48 1 7 4
ISRDirPodWireless 9c-30-5b-46-eb-23-00-00 -71 2437000 58 0 1 0
MOJO-----secure 00-11-74-8e-9b-20-00-00 -80 5805000 40 1 6 4
NETGEAR19-5G 2c-30-33-e9-46-d4-00-00 -87 5765000 26 1 7 4
RRL-TB-wifi2 74-da-da-ad-be-f9-00-00 -75 2427000 50 1 7 4
eduroam 1c-1d-86-34-04-4e-00-00 -79 5765000 42 1 6 4
eduroam_5G c0-25-e9-04-42-46-00-00 -82 5200000 36 0 1 0
umd 84-3d-c6-6e-5b-10-00-00 -72 2462000 56 0 1 0
umd-guest 84-3d-c6-6e-5b-14-00-00 -71 2462000 58 0 1 0
umd-secure 00-f6-63-d9-dc-22-00-00 -67 2462000 66 1 6 4
umd-util2 00-f6-63-70-95-e3-00-00 -77 2462000 46 1 7 4
0.779145 0.618729 11
CPS 10-7b-44-56-83-d8-00-00 -78 2437000 44 1 7 4
CPS_5G 10-7b-44-56-83-dc-00-00 -88 5200000 18 1 7 4
MOJO-----secure 00-11-74-8e-9b-20-00-00 -74 5805000 52 1 6 4
RRL-TB-wifi 74-da-da-ad-be-fa-00-00 -79 5785000 42 1 7 4
RRL-TB-wifi2 74-da-da-ad-be-f9-00-00 -71 2427000 58 1 7 4
SETUP ee-1e-68-f2-8f-29-00-00 -63 2462000 74 0 1 0
eduroam 2c-5a-0f-3b-a2-21-00-00 -78 2462000 44 1 6 4
umd 2c-5a-0f-3b-a2-20-00-00 -78 2462000 44 0 1 0
umd-guest 2c-5a-0f-3b-a2-24-00-00 -77 2462000 46 1 7 4
umd-secure 00-f6-63-d9-dc-22-00-00 -56 2462000 88 1 6 4
umd-util2 84-3d-c6-6e-5b-13-00-00 -78 2462000 44 1 7 4
0.800234 0.618729 9
Bspace 00-26-f2-c2-64-8e-00-00 -78 2462000 44 1 7 4
CPS 10-7b-44-56-83-d8-00-00 -73 2437000 54 1 7 4
CPS_5G 10-7b-44-56-83-dc-00-00 -82 5200000 36 1 7 4
MOJO-----secure 00-11-74-8e-9b-20-00-00 -85 5805000 30 1 6 4
eduroam 1c-1d-86-34-08-c1-00-00 -87 2462000 26 1 6 4
umd 00-f6-63-70-c9-d0-00-00 -74 2462000 52 0 1 0
umd-guest 00-f6-63-70-c9-d4-00-00 -73 2462000 54 0 1 0
umd-secure 00-f6-63-d9-dc-22-00-00 -60 2462000 80 1 6 4
umd-util2 00-f6-63-70-c9-d3-00-00 -74 2462000 52 1 7 4
0.828354 0.619844 11
 fa-8f-ca-51-2a-25-00-00 -64 2462000 72 0 1 0
Bspace 00-26-f2-c2-64-8e-00-00 -66 2462000 68 1 7 4
CPS 10-7b-44-56-83-d8-00-00 -73 2437000 54 1 7 4
CVL-Router_5G-2 d0-17-c2-e9-09-c8-00-00 -87 5785000 26 1 7 4
DroneLab 8c-3b-ad-aa-55-b7-00-00 -85 2447000 30 1 7 4
MOJO-----secure 00-11-74-8e-f5-e0-00-00 -79 5805000 42 1 6 4
eduroam 00-f6-63-d9-dc-21-00-00 -67 2462000 66 1 6 4
umd 00-f6-63-d9-dc-20-00-00 -66 2462000 68 0 1 0
umd-guest 78-72-5d-71-32-64-00-00 -84 2462000 32 1 7 4
umd-secure 00-f6-63-d9-dc-22-00-00 -66 2462000 68 1 6 4
umd-util2 00-f6-63-70-c9-d3-00-00 -72 2462000 56 1 7 4
0.861746 0.618729 11
 fa-8f-ca-87-51-c2-00-00 -70 2462000 60 0 1 0
Bspace 00-26-f2-c2-64-8e-00-00 -64 2462000 72 1 7 4
CPS 10-7b-44-56-83-d8-00-00 -61 2437000 78 1 7 4
CVL-Router_5G d0-17-c2-e9-09-c4-00-00 -85 5180000 30 1 7 4
MOJO-----secure 00-11-74-8e-9b-20-00-00 -86 5805000 28 1 6 4
NETGEAR_Guest1 02-26-f2-c2-64-8f-00-00 -62 2462000 76 0 1 0
eduroam 00-f6-63-72-b2-e1-00-00 -42 2462000 100 1 6 4
umd 00-f6-63-72-b2-e0-00-00 -42 2462000 100 0 1 0
umd-guest 00-f6-63-ec-6c-c4-00-00 -78 2462000 44 0 1 0
umd-secure 00-f6-63-d9-dc-22-00-00 -69 2462000 62 1 6 4
umd-util2 00-f6-63-ec-6c-c3-00-00 -79 2462000 42 1 7 4
0.878735 0.620959 13
 fa-8f-ca-87-51-c2-00-00 -82 2462000 36 0 1 0
Bspace 00-26-f2-c2-64-8e-00-00 -66 2462000 68 1 7 4
CPS 10-7b-44-56-83-d8-00-00 -62 2437000 76 1 7 4
CPS_5G 10-7b-44-56-83-dc-00-00 -73 5200000 54 1 7 4
CVL-Router_5G d0-17-c2-e9-09-c4-00-00 -84 5180000 32 1 7 4
MOJO-----secure 00-11-74-8e-f5-e0-00-00 -87 5805000 26 1 6 4
NETGEAR_Guest1 02-26-f2-c2-64-8f-00-00 -66 2462000 68 0 1 0
SETUP ee-1e-68-f2-8f-29-00-00 -85 2462000 30 0 1 0
eduroam 00-f6-63-72-b2-e1-00-00 -54 2462000 92 1 6 4
umd 00-f6-63-72-b2-e0-00-00 -53 2462000 94 0 1 0
umd-guest 2c-5a-0f-3b-a2-24-00-00 -68 2462000 64 1 7 4
umd-secure 00-f6-63-d9-dc-22-00-00 -69 2462000 62 1 6 4
umd-util2 00-f6-63-ec-6c-c3-00-00 -75 2462000 50 1 7 4
0.899824 0.618729 13
 fa-8f-ca-87-51-c2-00-00 -79 2462000 42 0 1 0
Bspace 00-26-f2-c2-64-8e-00-00 -66 2462000 68 1 7 4
CPS 10-7b-44-56-83-d8-00-00 -62 2437000 76 1 7 4
CPS_5G 10-7b-44-56-83-dc-00-00 -73 5200000 54 1 7 4
CVL-Router_5G d0-17-c2-e9-09-c4-00-00 -84 5180000 32 1 7 4
MOJO-----secure 00-11-74-8c-88-80-00-00 -74 5240000 52 1 6 4
NETGEAR_Guest1 02-26-f2-c2-64-8f-00-00 -66 2462000 68 0 1 0
SETUP ee-1e-68-f2-8f-29-00-00 -85 2462000 30 0 1 0
eduroam 2c-5a-0f-2a-d5-81-00-00 -69 2437000 62 1 6 4
umd 00-f6-63-d9-ba-10-00-00 -84 2437000 32 0 1 0
umd-guest 00-f6-63-70-c9-d4-00-00 -63 2462000 74 0 1 0
umd-secure 00-f6-63-d9-dc-22-00-00 -72 2462000 56 1 6 4
umd-util2 00-f6-63-ec-a3-03-00-00 -80 2437000 40 1 7 4
0.926186 0.618729 13
Bspace 00-26-f2-c2-64-8e-00-00 -57 2462000 86 1 7 4
CPS 10-7b-44-56-83-d8-00-00 -59 2437000 82 1 7 4
CPS_5G 10-7b-44-56-83-dc-00-00 -70 5200000 60 1 7 4
CVL-Router d0-17-c2-e9-09-c0-00-00 -69 2427000 62 1 7 4
CVL-Router_5G d0-17-c2-e9-09-c4-00-00 -77 5180000 46 1 7 4
CVL-Router_5G-2 d0-17-c2-e9-09-c8-00-00 -78 5785000 44 1 7 4
MOJO-----secure 00-11-74-8e-9b-20-00-00 -88 5805000 18 1 6 4
NETGEAR_Guest1 02-26-f2-c2-64-8f-00-00 -56 2462000 88 0 1 0
eduroam 1c-1d-86-34-08-ce-00-00 -79 5785000 42 1 6 4
umd 2c-5a-0f-2a-da-c0-00-00 -69 2462000 62 0 1 0
umd-guest 00-f6-63-d9-c2-04-00-00 -80 2462000 40 0 1 0
umd-secure 00-f6-63-d9-dc-22-00-00 -71 2462000 58 1 6 4
umd-util2 00-f6-63-d9-c2-03-00-00 -80 2462000 40 1 7 4
0.950205 0.620959 14
 fa-8f-ca-51-2a-25-00-00 -70 2462000 60 0 1 0
Bspace 00-26-f2-c2-64-8e-00-00 -66 2462000 68 1 7 4
CPS 10-7b-44-56-83-d8-00-00 -67 2437000 66 1 7 4
CPS_5G 10-7b-44-56-83-dc-00-00 -75 5200000 50 1 7 4
CVL-Router d0-17-c2-e9-09-c0-00-00 -66 2427000 68 1 7 4
CVL-Router_5G d0-17-c2-e9-09-c4-00-00 -80 5180000 40 1 7 4
CVL-Router_5G-2 d0-17-c2-e9-09-c8-00-00 -79 5785000 42 1 7 4
MOJO-----secure 00-11-74-8e-94-30-00-00 -76 5765000 48 1 6 4
NETGEAR_Guest1 02-26-f2-c2-64-8f-00-00 -65 2462000 70 0 1 0
eduroam 00-f6-63-d9-c2-01-00-00 -74 2462000 52 1 6 4
umd 1c-1d-86-34-08-cf-00-00 -79 5785000 42 0 1 0
umd-guest 1c-1d-86-34-08-cb-00-00 -78 5785000 44 0 1 0
umd-secure 00-f6-63-d9-dc-22-00-00 -74 2462000 52 1 6 4
umd-util2 00-f6-63-d9-c2-03-00-00 -74 2462000 52 1 7 4
0.952548 0.641026 9
Bspace 00-26-f2-c2-64-8e-00-00 -68 2462000 64 1 7 4
CPS 10-7b-44-56-83-d8-00-00 -62 2437000 76 1 7 4
CPS_5G 10-7b-44-56-83-dc-00-00 -76 5200000 48 1 7 4
MOJO-----secure 00-11-74-8c-68-40-00-00 -60 5765000 80 1 6 4
eduroam 1c-1d-86-34-08-c1-00-00 -68 2462000 64 1 6 4
umd 1c-1d-86-34-08-cf-00-00 -77 5785000 46 0 1 0
umd-guest 00-f6-63-d9-c2-04-00-00 -79 2462000 42 0 1 0
umd-secure 1c-1d-86-34-08-c2-00-00 -70 2462000 60 1 6 4
umd-util2 1c-1d-86-34-08-c3-00-00 -68 2462000 64 1 7 4
0.951963 0.672241 9
 fa-8f-ca-87-51-c2-00-00 -67 2462000 66 0 1 0
Bspace 00-26-f2-c2-64-8e-00-00 -78 2462000 44 1 7 4
CPS_5G 10-7b-44-56-83-dc-00-00 -74 5200000 52 1 7 4
MOJO-----secure 00-11-74-8e-94-40-00-00 -68 2462000 64 1 6 4
eduroam 00-f6-63-b2-34-b1-00-00 -85 2462000 30 1 6 4
umd 00-f6-63-ec-6c-c0-00-00 -71 2462000 58 0 1 0
umd-guest 00-f6-63-70-c9-d4-00-00 -62 2462000 76 0 1 0
umd-secure 1c-1d-86-34-08-c2-00-00 -74 2462000 52 1 6 4
umd-util2 00-f6-63-d9-ba-13-00-00 -85 2437000 30 1 7 4
0.951963 0.697882 11
 fa-8f-ca-51-2a-25-00-00 -84 2462000 32 0 1 0
Bspace 00-26-f2-c2-64-8e-00-00 -76 2462000 48 1 7 4
CPS 10-7b-44-56-83-d8-00-00 -66 2437000 68 1 7 4
CPS_5G 10-7b-44-56-83-dc-00-00 -74 5200000 52 1 7 4
MOJO-----secure 00-11-74-8e-94-30-00-00 -76 5765000 48 1 6 4
NETGEAR_Guest1 02-26-f2-c2-64-8f-00-00 -76 2462000 48 0 1 0
eduroam 1c-1d-86-34-08-c1-00-00 -74 2462000 52 1 6 4
umd 1c-1d-86-34-08-c0-00-00 -72 2462000 56 0 1 0
umd-guest 00-f6-63-d9-c2-04-00-00 -84 2462000 32 0 1 0
umd-secure 1c-1d-86-34-08-c2-00-00 -71 2462000 58 1 6 4
umd-util2 1c-1d-86-34-08-cc-00-00 -79 5785000 42 1 7 4
0.951377 0.732441 10
Bspace 00-26-f2-c2-64-8e-00-00 -76 2462000 48 1 7 4
CPS 10-7b-44-56-83-d8-00-00 -69 2437000 62 1 7 4
CPS_5G 10-7b-44-56-83-dc-00-00 -80 5200000 40 1 7 4
MOJO-----secure 00-11-74-8e-9b-20-00-00 -85 5805000 30 1 6 4
NETGEAR_Guest1 02-26-f2-c2-64-8f-00-00 -77 2462000 46 0 1 0
eduroam 00-f6-63-70-91-91-00-00 -81 2462000 38 1 6 4
umd 1c-1d-86-34-08-cf-00-00 -79 5785000 42 0 1 0
umd-guest 1c-1d-86-34-08-cb-00-00 -80 5785000 40 0 1 0
umd-secure 1c-1d-86-34-08-cd-00-00 -80 5785000 40 1 6 4
umd-util2 1c-1d-86-34-08-c3-00-00 -79 2462000 42 1 7 4
0.950791 0.764771 1
umd-secure 1c-1d-86-34-08-c2-00-00 -83 2462000 34 1 6 4
0.950205 0.791527 7
CPS 10-7b-44-56-83-d8-00-00 -71 2437000 58 1 7 4
MOJO-----secure 00-11-74-8e-9b-20-00-00 -83 5805000 34 1 6 4
eduroam 00-f6-63-b2-1b-ee-00-00 -80 5785000 40 1 6 4
umd 00-f6-63-b2-1b-ef-00-00 -79 5785000 42 0 1 0
umd-guest 1c-1d-86-34-08-cb-00-00 -78 5785000 44 0 1 0
umd-secure 00-f6-63-ec-70-52-00-00 -57 2412000 86 1 6 4
umd-util2 00-f6-63-b2-1b-ec-00-00 -79 5785000 42 1 7 4
0.930873 0.789298 9
 fa-8f-ca-87-51-c2-00-00 -85 2462000 30 0 1 0
CPS 10-7b-44-56-83-d8-00-00 -69 2437000 62 1 7 4
CPS_5G 10-7b-44-56-83-dc-00-00 -77 5200000 46 1 7 4
MOJO-----secure 00-11-74-8e-9b-20-00-00 -85 5805000 30 1 6 4
eduroam 1c-1d-86-34-08-ce-00-00 -87 5785000 26 1 6 4
umd 00-f6-63-70-c9-d0-00-00 -69 2462000 62 0 1 0
umd-guest 00-f6-63-70-c9-d4-00-00 -69 2462000 62 0 1 0
umd-secure 00-f6-63-ec-70-52-00-00 -62 2412000 76 1 6 4
umd-util2 00-f6-63-70-c9-d3-00-00 -69 2462000 62 1 7 4
0.899824 0.785953 8
 fa-8f-ca-87-51-c2-00-00 -81 2462000 38 0 1 0
CPS 10-7b-44-56-83-d8-00-00 -69 2437000 62 1 7 4
MOJO-----secure 00-11-74-8e-9b-20-00-00 -81 5805000 38 1 6 4
eduroam 00-f6-63-6f-e4-de-00-00 -72 5260000 56 1 6 4
umd 00-f6-63-d9-dc-20-00-00 -82 2462000 36 0 1 0
umd-guest 00-f6-63-70-c9-db-00-00 -85 5260000 30 0 1 0
umd-secure 00-f6-63-6f-e4-dd-00-00 -74 5260000 52 1 6 4
umd-util2 00-f6-63-70-c9-dc-00-00 -86 5260000 28 1 7 4
0.880492 0.790412 10
Bspace 00-26-f2-c2-64-8e-00-00 -82 2462000 36 1 7 4
CPS 10-7b-44-56-83-d8-00-00 -71 2437000 58 1 7 4
MOJO-----secure 00-11-74-8e-9b-20-00-00 -82 5805000 36 1 6 4
NETGEAR_Guest1 02-26-f2-c2-64-8f-00-00 -81 2462000 38 0 1 0
eduroam 00-f6-63-d9-dc-21-00-00 -82 2462000 36 1 6 4
looneysHostess 0c-9d-92-2b-eb-50-00-00 -85 2442000 30 1 7 4
umd 00-f6-63-d9-dc-20-00-00 -83 2462000 34 0 1 0
umd-guest 00-f6-63-d9-c2-64-00-00 -78 2462000 44 0 1 0
umd-secure 00-f6-63-ec-a3-02-00-00 -51 2437000 98 1 6 4
umd-util2 00-f6-63-d9-c2-63-00-00 -79 2462000 42 1 7 4
0.854716 0.788183 6
MOJO-----secure 00-11-74-8e-f5-e0-00-00 -86 5805000 28 1 6 4
eduroam 00-81-c4-14-3c-51-00-00 -69 2462000 62 1 6 4
umd 00-f6-63-70-c9-df-00-00 -87 5260000 26 0 1 0
umd-guest 00-f6-63-6f-e4-db-00-00 -79 5260000 42 0 1 0
umd-secure 00-f6-63-6f-e4-dd-00-00 -79 5260000 42 1 6 4
umd-util2 00-f6-63-6f-e4-dc-00-00 -79 5260000 42 1 7 4
0.824253 0.788183 6
MOJO-----secure 00-11-74-8e-f5-e0-00-00 -83 5805000 34 1 6 4
eduroam 78-72-5d-71-32-61-00-00 -81 2462000 38 1 6 4
umd 00-f6-63-b2-27-10-00-00 -84 2437000 32 0 1 0
umd-guest 00-f6-63-70-c9-d4-00-00 -77 2462000 46 0 1 0
umd-secure 00-f6-63-ec-a3-02-00-00 -62 2437000 76 1 6 4
umd-util2 00-f6-63-70-c9-d3-00-00 -78 2462000 44 1 7 4
0.805507 0.788183 7
MOJO-----secure 00-11-74-8e-f5-e0-00-00 -85 5805000 30 1 6 4
SETUP ee-1e-68-f2-8f-29-00-00 -83 2462000 34 0 1 0
eduroam 00-f6-63-d9-c2-61-00-00 -84 2462000 32 1 6 4
umd 00-f6-63-d9-dc-20-00-00 -73 2462000 54 0 1 0
umd-guest 00-f6-63-72-b2-e4-00-00 -67 2462000 66 0 1 0
umd-secure 00-f6-63-ec-a3-02-00-00 -65 2437000 70 1 6 4
umd-util2 2c-5a-0f-2a-da-c3-00-00 -46 2462000 100 1 7 4
0.778559 0.789298 8
CPS 10-7b-44-56-83-d8-00-00 -82 2437000 36 1 7 4
MOJO-----secure 00-11-74-8e-9b-20-00-00 -73 5805000 54 1 6 4
eduroam 00-f6-63-d9-dc-21-00-00 -72 2462000 56 1 6 4
looneysHostess 0c-9d-92-2b-eb-50-00-00 -77 2442000 46 1 7 4
umd 78-72-5d-71-32-60-00-00 -80 2462000 40 0 1 0
umd-guest 00-f6-63-d9-dc-24-00-00 -71 2462000 58 0 1 0
umd-secure 00-f6-63-ec-a3-02-00-00 -65 2437000 70 1 6 4
umd-util2 00-f6-63-70-c9-d3-00-00 -82 2462000 36 1 7 4
